80.0	1437.0	487309.551284	510151.108528
86.0	1536.0	450997.145709	459290.074252
92.0	1643.0	194149.651238	194321.325709
98.0	1757.0	33910.0602923	35947.098154
105.0	1879.0	16872.2934202	17059.9830452
112.0	2010.0	11678.8309529	11082.086368
120.0	2150.0	8490.03430176	8310.89232159
128.0	2299.0	6203.62684771	6116.99433237
137.0	2459.0	5108.65090478	4883.46232122
146.0	2629.0	4241.9429276	4147.79432472
157.0	2812.0	3504.72472935	3236.1561893
167.0	3007.0	2950.82437362	2653.44212562
179.0	3216.0	2377.8366656	2230.09453538
192.0	3440.0	2000.48154455	1772.26346651
205.0	3679.0	1631.56777026	1567.42370458
219.0	3934.0	1290.00363182	1185.16227304
234.0	4208.0	1110.7302308	1029.30837955
251.0	4500.0	905.871282674	795.413678975
