80.0	1343.0	503759.584973	509800.451767
86.0	1437.0	445606.564752	463070.295868
92.0	1536.0	200420.31296	196908.026803
98.0	1643.0	34802.7710968	36705.7963886
105.0	1757.0	17144.8690313	17439.0820709
112.0	1879.0	11373.271586	10755.4861707
120.0	2010.0	8523.48401358	8393.62324196
128.0	2150.0	6496.80607664	6181.31239962
137.0	2299.0	5026.90301569	4934.51532438
146.0	2459.0	4199.14810325	3992.84154363
157.0	2629.0	3531.74229413	3319.41510899
167.0	2812.0	2922.21113619	2685.01155586
179.0	3007.0	2353.57250592	2252.95843044
192.0	3216.0	2023.52575105	1796.31064562
205.0	3440.0	1656.12367902	1489.13567271
219.0	3679.0	1289.29058674	1173.88647349
234.0	3934.0	1123.43678774	1035.89676241
251.0	4208.0	912.126273874	795.852809333
268.0	4500.0	737.150310911	655.521614584
