80.0	734.0	517810.595094	545619.747567
86.0	785.0	471969.316616	477279.7862
92.0	839.0	213997.219886	212391.277068
98.0	898.0	35666.0017195	36966.1434983
105.0	960.0	17407.5667751	17618.7628882
112.0	1027.0	11780.3941669	11571.5949257
120.0	1098.0	8415.28637267	8455.1412262
128.0	1174.0	6378.5254891	5998.82265171
137.0	1256.0	5135.30953636	4856.92251375
146.0	1343.0	3817.54319487	3737.82625867
157.0	1437.0	3054.76908431	2832.99492948
167.0	1536.0	2506.07596688	2352.77272431
179.0	1643.0	2001.83009267	1791.98182568
192.0	1757.0	1649.44317222	1435.7735563
205.0	1879.0	1369.10665861	1274.13733296
219.0	2010.0	1141.88672586	1004.62870564
234.0	2150.0	967.025340875	862.01364808
251.0	2299.0	773.404944194	683.176633685
268.0	2459.0	638.244948989	562.018878286
287.0	2629.0	531.722483193	493.171719202
307.0	2812.0	409.70193761	360.499201198
328.0	3007.0	351.065356568	306.225812524
351.0	3216.0	281.444161308	250.551418267
375.0	3440.0	227.913086092	201.067153391
401.0	3679.0	175.436810028	137.979187123
429.0	3934.0	144.26185394	121.962666936
459.0	4208.0	119.820454484	103.190355143
491.0	4500.0	95.3263299396	69.8957012919
