80.0	219.0	597806.919843	613527.745211
86.0	234.0	538715.953918	559678.774553
92.0	251.0	250073.471179	243979.510089
98.0	268.0	40162.689185	40693.8813965
105.0	287.0	19650.0137691	19903.1423703
112.0	307.0	12761.3868802	12632.5649474
120.0	328.0	8983.8907445	8964.58192128
128.0	351.0	6719.89414763	6624.99205032
137.0	375.0	5386.17412578	5137.58536378
146.0	401.0	4261.18567445	3970.88716951
157.0	429.0	3302.04718205	3099.19050794
167.0	459.0	2600.1219477	2335.96111606
179.0	491.0	2004.3417449	1900.44345007
192.0	525.0	1653.58288001	1414.98315102
205.0	561.0	1299.1195111	1197.00513788
219.0	600.0	1011.96326462	888.234368542
234.0	642.0	797.403580435	736.859779604
251.0	686.0	651.386899653	576.940340041
268.0	734.0	513.617187965	433.278265524
287.0	785.0	406.987559233	382.116358896
307.0	839.0	331.692733421	275.439041193
328.0	898.0	261.988460883	222.010504634
351.0	960.0	206.715492017	189.729798442
375.0	1027.0	168.986940073	147.476899195
401.0	1098.0	140.045368313	103.632935704
429.0	1174.0	117.061214614	93.4418161397
459.0	1256.0	94.3923168366	76.4624536629
491.0	1343.0	78.3805286173	53.8782300272
525.0	1437.0	63.4539442264	49.0467728697
561.0	1536.0	50.7393431704	40.5572530505
600.0	1643.0	42.4587977845	30.8601274168
642.0	1757.0	34.034186975	24.3081231592
686.0	1879.0	27.6389575638	17.1806037182
734.0	2010.0	24.2459113076	15.1854462632
785.0	2150.0	19.9012748015	15.6357591458
839.0	2299.0	16.9004910724	11.9711564757
898.0	2459.0	14.3954491761	9.86991360373
960.0	2629.0	11.9569150857	10.6088240128
1027.0	2812.0	10.5139595173	7.75745898583
1098.0	3007.0	8.92318961137	7.55741218332
1174.0	3216.0	7.74587724326	6.90851044818
1256.0	3440.0	6.92905917618	7.39577170371
1343.0	3679.0	5.8596693413	5.36976150718
1437.0	3934.0	5.2897679921	5.26611105849
1536.0	4208.0	4.41321611021	4.39913440792
1643.0	4500.0	3.9387679886	4.5981478415
