80.0	328.0	582649.501487	597833.404026
86.0	351.0	525981.666838	546469.955417
92.0	375.0	231433.871329	229524.4622
98.0	401.0	38449.4190921	39244.4422935
105.0	429.0	18919.1768963	18868.4281235
112.0	459.0	12577.7923721	12479.7456591
120.0	491.0	9018.35307584	8685.97114225
128.0	525.0	6902.09575897	6425.85352047
137.0	561.0	5161.8975418	5082.38935298
146.0	600.0	4123.2963461	4005.03116135
157.0	642.0	3144.98767112	2995.39845438
167.0	686.0	2544.66848097	2375.96370708
179.0	734.0	2053.08714555	1805.6406204
192.0	785.0	1565.95207399	1370.2317516
205.0	839.0	1266.04418537	1173.2926081
219.0	898.0	1010.38323007	897.326045837
234.0	960.0	814.165383275	739.203121537
251.0	1027.0	661.877053343	566.986760139
268.0	1098.0	515.779006304	439.320367034
287.0	1174.0	425.936909701	380.011945698
307.0	1256.0	351.028919615	294.746312885
328.0	1343.0	294.859643754	254.064525982
351.0	1437.0	234.969603557	210.828338536
375.0	1536.0	194.129820501	168.831205357
401.0	1643.0	158.159015194	118.677678418
429.0	1757.0	128.176555221	102.360218031
459.0	1879.0	100.41059469	82.4947442609
491.0	2010.0	82.5759944482	59.0744238192
525.0	2150.0	67.8465890569	52.1597190442
561.0	2299.0	54.9676064676	43.6752514638
600.0	2459.0	43.9188189932	33.3980286143
642.0	2629.0	36.7753166185	27.6565404516
686.0	2812.0	29.5658419065	18.1028043646
734.0	3007.0	24.5239818001	15.9460681043
785.0	3216.0	21.1081075929	16.2633752419
839.0	3440.0	17.8015741407	12.5428793091
898.0	3679.0	14.5623341296	10.1222721436
960.0	3934.0	12.4691726935	11.3680555444
1027.0	4208.0	10.7979910769	8.59097557806
1098.0	4500.0	9.16877629021	8.05741524082
