80.0	429.0	560529.406164	562313.155572
86.0	459.0	504028.316891	505362.601729
92.0	491.0	228508.050954	226452.41008
98.0	525.0	37382.8844286	38202.7076396
105.0	561.0	18046.2685502	19214.2529814
112.0	600.0	12463.475641	12159.2177878
120.0	642.0	8682.0400987	8300.76137462
128.0	686.0	6618.16763883	6385.7621771
137.0	734.0	5084.9025295	4932.69562589
146.0	785.0	4154.66090114	3902.54526749
157.0	839.0	3151.73407499	2991.82144691
167.0	898.0	2535.81672207	2286.92445799
179.0	960.0	2000.23562107	1803.62785308
192.0	1027.0	1570.88356189	1383.09344607
205.0	1098.0	1306.95005011	1191.50166748
219.0	1174.0	1024.19978378	897.215731789
234.0	1256.0	821.89822963	739.895015678
251.0	1343.0	664.36519298	563.872510898
268.0	1437.0	568.782039	474.600942216
287.0	1536.0	461.55331695	432.838980365
307.0	1643.0	382.358809117	319.658143726
328.0	1757.0	306.979496174	269.042527243
351.0	1879.0	262.138156964	233.600459116
375.0	2010.0	201.676806991	179.519691673
401.0	2150.0	159.543128515	122.889856014
429.0	2299.0	137.017308883	110.36894214
459.0	2459.0	107.752821135	88.8059524778
491.0	2629.0	86.5617362879	61.9342689688
525.0	2812.0	68.7667715151	55.809721833
561.0	3007.0	57.4410730587	45.7029560625
600.0	3216.0	47.2641129394	35.662292637
642.0	3440.0	37.691867396	27.7911647576
686.0	3679.0	30.3625888923	18.8678908119
734.0	3934.0	26.4182117242	16.942793436
785.0	4208.0	21.8326633301	17.5013171366
839.0	4500.0	18.2407344511	13.6245077993
