80.0	600.0	537199.22296	541280.56346
86.0	642.0	485847.811492	489659.283553
92.0	686.0	215575.112458	214375.410588
98.0	734.0	35643.9565891	37686.4884608
105.0	785.0	18165.7481013	18021.0816334
112.0	839.0	11748.8868757	11498.8721258
120.0	898.0	8513.60208379	8407.58555578
128.0	960.0	6458.59757065	6115.81973582
137.0	1027.0	4900.54177957	4834.12994773
146.0	1098.0	3996.84633595	3831.96721925
157.0	1174.0	3064.82944274	2862.66299788
167.0	1256.0	2483.31652113	2263.30560686
179.0	1343.0	2015.80269028	1829.26384694
192.0	1437.0	1576.31320908	1406.23517468
205.0	1536.0	1311.65264621	1146.83853784
219.0	1643.0	1086.48257839	998.345311248
234.0	1757.0	902.488301998	819.390779533
251.0	1879.0	759.161993575	660.219102366
268.0	2010.0	628.043153985	538.696868452
287.0	2150.0	521.560735043	468.271464072
307.0	2299.0	404.779433801	355.644385113
328.0	2459.0	331.390556026	294.122070001
351.0	2629.0	277.080845712	247.241427406
375.0	2812.0	214.689829685	187.611854773
401.0	3007.0	171.265893626	143.446522321
429.0	3216.0	143.607636659	119.746074649
459.0	3440.0	113.998586201	96.8493410476
491.0	3679.0	93.2571122771	70.1651973046
525.0	3934.0	75.6492466927	60.743787824
561.0	4208.0	61.9666304085	52.818333621
600.0	4500.0	52.3354443252	40.6694753143
