80.0	92.0	353244.884828	369651.641015
86.0	98.0	521506.064501	523679.294561
92.0	105.0	228699.115649	227856.702819
98.0	112.0	27736.4829637	29625.0107283
105.0	120.0	11210.7922752	11532.5696482
112.0	128.0	6365.72746061	6473.17270407
120.0	137.0	4266.67134355	4269.21751608
128.0	146.0	2962.36077637	2890.6525827
137.0	157.0	2228.98101047	2287.12087155
146.0	167.0	1733.05577354	1805.46951349
157.0	179.0	1328.35439786	1362.23057701
167.0	192.0	1056.17940166	1021.89987932
179.0	205.0	804.714974003	743.844385188
192.0	219.0	666.972917473	589.130661469
205.0	234.0	527.199171891	488.22943696
219.0	251.0	423.288852759	382.864245573
234.0	268.0	339.525549238	345.81940471
251.0	287.0	260.864973158	216.586878788
268.0	307.0	223.764853054	192.983531207
287.0	328.0	177.876248474	175.618480654
307.0	351.0	143.728541308	112.507299219
328.0	375.0	119.074527007	104.800925901
351.0	401.0	100.473902886	117.692794344
375.0	429.0	79.195937946	76.1592001376
401.0	459.0	62.2182828492	44.1422721811
429.0	491.0	54.7185424529	56.965276318
459.0	525.0	46.1055531211	42.3341524266
491.0	561.0	37.6345305563	24.0051141459
525.0	600.0	33.1106875208	29.2532801649
561.0	642.0	28.1200594426	27.3120393922
600.0	686.0	24.5010677834	26.3658842793
642.0	734.0	20.3209194319	20.8875650012
686.0	785.0	17.536380505	9.3308970902
734.0	839.0	15.5170729221	10.2245334945
785.0	898.0	13.4248088282	13.8753548491
839.0	960.0	11.7642418841	7.59375479755
898.0	1027.0	10.0515720011	7.08308911875
960.0	1098.0	8.73738336681	8.51472646625
1027.0	1174.0	7.5573503022	5.62615225775
1098.0	1256.0	6.63198052256	4.71415709338
1174.0	1343.0	5.92636197017	5.18716487366
1256.0	1437.0	5.26780656324	5.71806339398
1343.0	1536.0	4.592663629	4.30151351936
1437.0	1643.0	3.81159242261	3.74269197368
1536.0	1757.0	3.95764109872	2.89472575047
1643.0	1879.0	2.93237064784	4.92307816278
1757.0	2010.0	2.97341476238	5.27434084513
1879.0	2150.0	2.91979188209	2.92805177415
2010.0	2299.0	2.92372205726	2.96973844176
2150.0	2459.0	2.93910896073	2.93321732868
2299.0	2629.0	2.92305689848	2.93030384364
2459.0	2812.0	2.94034475652	2.93643215613
2629.0	3007.0	2.92894341501	2.93964952021
2812.0	3216.0	2.94179110477	2.95570283258
3007.0	3440.0	2.94528771493	2.9453940157
3216.0	3679.0	2.94388337742	2.94354304656
3440.0	3934.0	2.96553146068	2.94277623495
3679.0	4208.0	2.92830116569	2.9397227953
3934.0	4500.0	2.94270461458	2.93993192709
