80.0	179.0	607851.271139	607717.568184
86.0	192.0	574578.318193	559325.919963
92.0	205.0	248168.281979	251471.849263
98.0	219.0	40888.1522945	41850.4102
105.0	234.0	19650.9475128	19502.9397712
112.0	251.0	12297.232659	12442.2061448
120.0	268.0	9100.2266501	8874.23798904
128.0	287.0	6615.30761329	6464.67394906
137.0	307.0	5123.46947736	5081.29941012
146.0	328.0	3959.12127437	3944.09535749
157.0	351.0	3141.21159307	3134.71395525
167.0	375.0	2562.02642492	2353.52098582
179.0	401.0	1974.26283548	1864.44888362
192.0	429.0	1611.76597559	1423.42014111
205.0	459.0	1223.03042434	1126.02574843
219.0	491.0	996.857435053	915.925261235
234.0	525.0	807.064283928	708.554505746
251.0	561.0	624.488074137	535.532481296
268.0	600.0	501.368882536	442.370096238
287.0	642.0	394.783046138	365.574486422
307.0	686.0	321.515139397	272.285856498
328.0	734.0	263.660463279	224.938097735
351.0	785.0	201.758010734	183.511971413
375.0	839.0	159.980857361	146.278960674
401.0	898.0	138.108026723	101.820416076
429.0	960.0	111.929307478	91.5717680523
459.0	1027.0	92.3629056799	74.5680043479
491.0	1098.0	74.9046183908	52.3666288344
525.0	1174.0	61.8590438114	48.2619030405
561.0	1256.0	51.5362936339	39.1887943772
600.0	1343.0	41.578239661	29.8428949914
642.0	1437.0	33.577057816	24.2780300664
686.0	1536.0	28.6416349195	16.0712217726
734.0	1643.0	23.3133291042	14.3853599135
785.0	1757.0	19.6723636285	15.3363040016
839.0	1879.0	16.2711058954	11.7700832604
898.0	2010.0	14.1147579342	9.49339742784
960.0	2150.0	12.0854520306	10.9870417081
1027.0	2299.0	10.3425306273	7.74159096096
1098.0	2459.0	8.81333597956	7.29816322765
1174.0	2629.0	7.67314534668	6.80976036869
1256.0	2812.0	6.78617304532	7.02110053043
1343.0	3007.0	5.75960310011	5.25495188657
1437.0	3216.0	5.22725692715	5.23269508389
1536.0	3440.0	4.35171638745	4.33794155053
1643.0	3679.0	3.92302702024	4.60017296147
1757.0	3934.0	3.54424243769	4.89177050067
1879.0	4208.0	2.95002235214	2.98163469106
2010.0	4500.0	2.93520612386	2.98002149093
