80.0	205.0	591493.807516	616502.088679
86.0	219.0	557709.396334	561621.849184
92.0	234.0	246973.250648	248114.127078
98.0	251.0	38632.2150977	41013.2897257
105.0	268.0	19656.0404647	19775.4613851
112.0	287.0	12515.8296856	12353.6517904
120.0	307.0	9102.06683811	8778.04062644
128.0	328.0	6775.43219915	6559.18259147
137.0	351.0	5338.22576151	4976.99468408
146.0	375.0	4139.9504563	3936.17059587
157.0	401.0	3238.36601428	3108.28187166
167.0	429.0	2551.79712966	2369.66387734
179.0	459.0	2075.52370382	1877.55314876
192.0	491.0	1612.72300138	1421.57944024
205.0	525.0	1316.91492214	1162.81264165
219.0	561.0	1001.75273263	905.846870785
234.0	600.0	796.249597403	719.344345837
251.0	642.0	642.231858612	556.515334098
268.0	686.0	503.732226895	442.403182192
287.0	734.0	400.162466471	380.147776976
307.0	785.0	322.729401245	278.944946838
328.0	839.0	260.326811099	222.196414509
351.0	898.0	215.815731286	194.332361988
375.0	960.0	175.011093972	146.842212956
401.0	1027.0	140.526228498	103.316447175
429.0	1098.0	115.967856201	93.5371107053
459.0	1174.0	95.8092196369	77.0764726716
491.0	1256.0	77.4743095475	53.8421365857
525.0	1343.0	62.8889433426	49.047354224
561.0	1437.0	50.813584524	40.3892165465
600.0	1536.0	42.3611783992	30.9836487125
642.0	1643.0	34.4814776535	24.6105276382
686.0	1757.0	28.1112519593	16.1353684299
734.0	1879.0	23.2595492818	15.1075345932
785.0	2010.0	20.7860105868	15.563491846
839.0	2150.0	17.0829761303	12.0674551917
898.0	2299.0	13.7966977353	9.49786153814
960.0	2459.0	12.5439041459	11.1563417586
1027.0	2629.0	10.5255846975	8.22693038123
1098.0	2812.0	8.66744192364	7.59587047651
1174.0	3007.0	7.70300889258	6.84089690964
1256.0	3216.0	6.63294783699	7.08164691737
1343.0	3440.0	5.68925154279	5.34958925716
1437.0	3679.0	5.14007186955	5.11176704941
1536.0	3934.0	4.35230404028	4.39280310043
1643.0	4208.0	3.75990657934	4.55360942994
1757.0	4500.0	3.60856894784	4.69386971879
