80.0	898.0	504626.214247	529932.271957
86.0	960.0	478348.803468	486784.087459
92.0	1027.0	208644.575253	212188.735453
98.0	1098.0	34374.4507604	35891.8185458
105.0	1174.0	17539.260366	17695.1244914
112.0	1256.0	11385.8667494	11335.3419094
120.0	1343.0	8358.3360873	8215.60559179
128.0	1437.0	6183.29679224	6040.22493046
137.0	1536.0	4937.86328512	4657.49178852
146.0	1643.0	4008.71889129	3911.01024706
157.0	1757.0	3103.63841044	2943.27113592
167.0	1879.0	2495.9377514	2293.76446519
179.0	2010.0	2158.20048207	1921.51396025
192.0	2150.0	1811.53610826	1554.61400604
205.0	2299.0	1485.22906393	1357.53195448
219.0	2459.0	1219.78386534	1099.37442969
234.0	2629.0	1019.57935005	971.133933776
251.0	2812.0	828.501649993	726.662092389
268.0	3007.0	660.672650852	577.752041529
287.0	3216.0	556.388712878	523.354302507
307.0	3440.0	439.390897879	385.98031728
328.0	3679.0	376.069917606	324.820250129
351.0	3934.0	290.71035209	270.979627689
375.0	4208.0	236.978089491	208.409240694
401.0	4500.0	196.058699046	156.92383143
