80.0	1098.0	500235.765237	520862.188198
86.0	1174.0	457490.982374	475185.205605
92.0	1256.0	208062.345659	208005.471973
98.0	1343.0	34152.0421643	36170.941773
105.0	1437.0	17270.4486813	17176.110846
112.0	1536.0	11554.6735531	11372.5196246
120.0	1643.0	8468.40089921	8208.46677848
128.0	1757.0	6331.05016201	6063.36396505
137.0	1879.0	5143.99089977	5016.41559224
146.0	2010.0	3901.33049046	3833.52748169
157.0	2150.0	3126.53318129	2938.76014554
167.0	2299.0	2629.3602177	2462.69696505
179.0	2459.0	2267.85508044	2039.18401386
192.0	2629.0	1865.58443296	1667.76135797
205.0	2812.0	1544.8501599	1386.09663453
219.0	3007.0	1252.66943956	1193.87251407
234.0	3216.0	1043.61845281	975.460554297
251.0	3440.0	844.199766097	746.395020017
268.0	3679.0	709.39166438	613.84757692
287.0	3934.0	556.721477618	520.036513591
307.0	4208.0	452.748477457	405.768199209
328.0	4500.0	364.62493781	326.258836954
