80.0	785.0	514158.842379	529539.823543
86.0	839.0	473682.017111	468155.559451
92.0	898.0	208902.651339	212566.689309
98.0	960.0	35020.3223323	36176.2729113
105.0	1027.0	17702.429839	17765.9719371
112.0	1098.0	11555.7198217	11387.6256323
120.0	1174.0	8350.73628824	8319.20588335
128.0	1256.0	6414.25295919	6065.91009818
137.0	1343.0	4954.54557099	4783.52951516
146.0	1437.0	3909.37455207	3698.64151097
157.0	1536.0	3178.23477264	2956.19596432
167.0	1643.0	2566.78876679	2246.40659287
179.0	1757.0	2003.12604305	1873.80231162
192.0	1879.0	1728.23601661	1510.64067967
205.0	2010.0	1431.3352868	1279.3382209
219.0	2150.0	1173.0569806	1032.36677448
234.0	2299.0	962.611208606	935.59705311
251.0	2459.0	827.957524861	713.446545449
268.0	2629.0	666.890185848	591.774275179
287.0	2812.0	527.894839312	486.039399685
307.0	3007.0	444.777706624	393.46180631
328.0	3216.0	362.743092281	311.985948375
351.0	3440.0	287.088253325	260.794774277
375.0	3679.0	228.889390346	198.332525653
401.0	3934.0	185.826506344	144.708518232
429.0	4208.0	154.121644735	135.099019467
459.0	4500.0	127.034122745	102.988105179
