80.0	105.0	583658.230132	598113.107713
86.0	112.0	537436.721805	559666.089703
92.0	120.0	244441.197137	243223.552656
98.0	128.0	34807.3795414	35742.8501807
105.0	137.0	15185.1868223	15732.5609088
112.0	146.0	9321.26700307	9326.55402933
120.0	157.0	6423.79042988	6437.17588223
128.0	167.0	4626.57573308	4727.51777268
137.0	179.0	3546.05320491	3522.59694096
146.0	192.0	2681.60716043	2825.2149735
157.0	205.0	2157.04672362	2073.15668627
167.0	219.0	1664.56608818	1600.47915606
179.0	234.0	1291.77536391	1196.13421887
192.0	251.0	1053.88265148	938.691244202
205.0	268.0	845.068248845	806.121708411
219.0	287.0	675.63218592	588.376069758
234.0	307.0	537.742156025	503.044788938
251.0	328.0	421.325197556	371.717547263
268.0	351.0	341.660973027	293.413228323
287.0	375.0	283.432166274	265.18064027
307.0	401.0	222.868103438	212.053419186
328.0	429.0	178.103802161	158.204689417
351.0	459.0	145.43110908	141.807402507
375.0	491.0	114.607665121	115.048462748
401.0	525.0	89.7412606533	68.7671013064
429.0	561.0	77.6257900417	63.7400265826
459.0	600.0	64.0752215269	55.1124555573
491.0	642.0	51.4275554326	37.205266914
525.0	686.0	45.6111019165	43.4791294193
561.0	734.0	38.7570190404	37.5893860364
600.0	785.0	31.5913078996	24.4469020641
642.0	839.0	27.2457279667	21.1335975679
686.0	898.0	22.6556507038	14.453634067
734.0	960.0	19.1181382473	11.5972067438
785.0	1027.0	16.6724904164	13.7690856736
839.0	1098.0	13.9385581582	10.3613899727
898.0	1174.0	11.9886203423	7.95662322341
960.0	1256.0	10.5473518899	8.38166197266
1027.0	1343.0	9.00232766991	6.97642173724
1098.0	1437.0	7.8672086157	6.34387196278
1174.0	1536.0	6.69235714355	5.91826277344
1256.0	1643.0	5.88899466578	6.03800780581
1343.0	1757.0	5.43438641553	3.9799191607
1437.0	1879.0	4.61049685524	5.03418271782
1536.0	2010.0	3.79891306508	4.51386396542
1643.0	2150.0	4.02562952692	4.74736453951
1757.0	2299.0	2.96211954959	4.8478156368
1879.0	2459.0	2.93244032502	2.92483563717
2010.0	2629.0	2.94208022002	2.89921108878
2150.0	2812.0	2.9096787198	2.89379608975
2299.0	3007.0	2.95374009776	2.93407235903
2459.0	3216.0	2.92638010322	2.94315181083
2629.0	3440.0	2.91414985383	2.93942185073
2812.0	3679.0	2.95212256443	2.97948424886
3007.0	3934.0	2.93921960143	2.92878533085
3216.0	4208.0	2.93981684569	2.92328281661
3440.0	4500.0	2.94626936807	2.89506156508
