80.0	1757.0	481214.628098	486857.779977
86.0	1879.0	457005.734492	452374.476341
92.0	2010.0	201754.857809	202140.638157
98.0	2150.0	33650.8700004	35118.132799
105.0	2299.0	17637.1633844	17399.388983
112.0	2459.0	11259.0949434	10995.5147542
120.0	2629.0	8422.79757545	8087.87269837
128.0	2812.0	6731.90595913	6699.7243466
137.0	3007.0	5515.12480631	5262.26959069
146.0	3216.0	4507.5888109	4507.69305607
157.0	3440.0	3745.59367152	3536.20371522
167.0	3679.0	3143.2521018	2974.03981141
179.0	3934.0	2499.81188498	2387.52269203
192.0	4208.0	2055.55156035	1844.43656409
205.0	4500.0	1763.67883175	1635.08394774
