80.0	686.0	532376.382565	536535.529977
86.0	734.0	488097.890784	486638.832104
92.0	785.0	213728.914051	212932.478508
98.0	839.0	35270.7731288	36924.912694
105.0	898.0	17787.7344189	17707.1969289
112.0	960.0	11540.4520833	11437.921308
120.0	1027.0	8558.39261768	8169.437245
128.0	1098.0	6187.58377578	5937.47937854
137.0	1174.0	5122.1365714	4773.01320369
146.0	1256.0	3848.64288493	3803.59282558
157.0	1343.0	3082.56991976	2901.18465712
167.0	1437.0	2506.872966	2278.71123826
179.0	1536.0	1982.30905113	1761.44274286
192.0	1643.0	1609.58714811	1403.46315083
205.0	1757.0	1378.43462113	1253.99289792
219.0	1879.0	1153.78365825	1031.50393037
234.0	2010.0	937.744179509	888.445267656
251.0	2150.0	791.081841403	689.395580172
268.0	2299.0	637.312104126	569.823802981
287.0	2459.0	521.424256522	481.139383434
307.0	2629.0	418.803997287	359.530645772
328.0	2812.0	356.482675658	306.286285174
351.0	3007.0	269.958179723	248.054948369
375.0	3216.0	226.264529139	200.677739865
401.0	3440.0	174.97593304	137.327561307
429.0	3679.0	145.191643538	122.553290135
459.0	3934.0	120.610295733	103.086352339
491.0	4208.0	97.8503301171	70.72469089
525.0	4500.0	79.3196235003	64.5447518489
