80.0	86.0	35663.1057204	41060.8913091
86.0	92.0	308171.459863	314756.240591
92.0	98.0	206273.437503	204786.440059
98.0	105.0	20551.049466	21966.6097713
105.0	112.0	7232.58530347	7669.85095555
112.0	120.0	3874.78054925	3880.5828535
120.0	128.0	2573.22465945	2557.32357582
128.0	137.0	1767.34945449	1646.09837679
137.0	146.0	1359.24691831	1323.28882918
146.0	157.0	1001.88435728	1035.82744328
157.0	167.0	760.226434044	786.933738884
167.0	179.0	606.404950692	589.865907963
179.0	192.0	472.335254119	487.779565613
192.0	205.0	373.086967882	304.78628837
205.0	219.0	312.508893703	303.219027975
219.0	234.0	240.317703487	197.96736503
234.0	251.0	206.395699119	213.88869635
251.0	268.0	165.975007033	153.471809137
268.0	287.0	124.843172513	89.3534796078
287.0	307.0	113.846714097	129.631383617
307.0	328.0	87.7287480446	70.4814068287
328.0	351.0	75.7265788493	58.3482446644
351.0	375.0	62.0949589308	65.8894787673
375.0	401.0	51.9793290085	69.2864354982
401.0	429.0	41.7252028776	27.462603354
429.0	459.0	36.5130611132	31.6983357966
459.0	491.0	31.2165369419	40.9606706996
491.0	525.0	26.9754875393	16.7282652189
525.0	561.0	23.2041230761	19.1424413976
561.0	600.0	19.9917819404	20.7912817866
600.0	642.0	18.0201282887	16.7113518308
642.0	686.0	15.1372040429	19.7685534627
686.0	734.0	13.1753375816	9.07236347187
734.0	785.0	11.617338824	6.39295689285
785.0	839.0	10.3046968055	11.1242295053
839.0	898.0	8.90022524398	8.79422991085
898.0	960.0	7.93278534188	4.32905798548
960.0	1027.0	7.2253830266	8.39764428857
1027.0	1098.0	6.21202582314	5.02436832868
1098.0	1174.0	5.47184843659	4.64761958738
1174.0	1256.0	4.65826206422	3.5071470618
1256.0	1343.0	4.27735136558	5.21613269748
1343.0	1437.0	3.87459606186	3.53815501706
1437.0	1536.0	3.37637383391	3.67953731683
1536.0	1643.0	2.94748967381	2.93949995611
1643.0	1757.0	2.91339513459	2.9401771296
1757.0	1879.0	2.99308673394	5.45003283995
1879.0	2010.0	2.94047906678	2.96283777683
2010.0	2150.0	2.95928904152	2.9691939368
2150.0	2299.0	2.93874087602	2.91805088492
2299.0	2459.0	2.94727185224	2.96438957426
2459.0	2629.0	2.91738913899	2.94278055067
2629.0	2812.0	2.92833271603	2.94305310309
2812.0	3007.0	2.91462268342	2.94119055636
3007.0	3216.0	2.94745912088	2.92682898272
3216.0	3440.0	2.94006785172	2.93078471449
3440.0	3679.0	2.95388375319	2.91785148213
3679.0	3934.0	2.95910394485	2.95718464775
3934.0	4208.0	2.9322414122	2.95160764635
4208.0	4500.0	2.96022591649	2.87811589933
