80.0	960.0	372281.89162	375770.590538
86.0	1027.0	338995.419963	322990.107458
92.0	1098.0	134163.249696	133158.603327
98.0	1174.0	28890.5219638	27403.509235
105.0	1256.0	16720.4063123	17194.1269368
112.0	1343.0	11841.6654034	12934.5645622
120.0	1437.0	9258.80244457	9975.49458779
128.0	1536.0	7157.55766579	7772.74754345
137.0	1643.0	5613.74790023	6160.88060912
146.0	1757.0	4776.99941078	5144.52045543
157.0	1879.0	3877.625921	4380.37942844
167.0	2010.0	3322.62784379	3543.28441643
179.0	2150.0	2572.38117879	2889.11213757
192.0	2299.0	2223.96096882	2431.71591226
205.0	2459.0	1814.76879698	1913.78955467
219.0	2629.0	1536.02437971	1685.99952857
234.0	2812.0	1306.01100789	1352.81581247
251.0	3007.0	1023.02446517	1079.5942597
268.0	3216.0	882.963331811	872.683278093
287.0	3440.0	727.3121577	712.2571864
307.0	3679.0	620.724821566	583.384858034
328.0	3934.0	518.836402512	524.98766709
351.0	4208.0	438.956665292	477.683309383
375.0	4500.0	371.196685291	388.614895876
