80.0	1256.0	362681.626296	367705.535427
86.0	1343.0	329534.656533	317234.946265
92.0	1437.0	134227.388262	129765.198633
98.0	1536.0	29294.300206	28262.5400518
105.0	1643.0	17185.4128832	17776.2503584
112.0	1757.0	11903.3250077	12853.921699
120.0	1879.0	9202.14194859	9922.07898668
128.0	2010.0	7249.21926734	7756.85236297
137.0	2150.0	5828.4237843	6320.4694609
146.0	2299.0	4934.47189521	5334.22073833
157.0	2459.0	4010.92454677	4502.53065796
167.0	2629.0	3286.38222149	3699.70607056
179.0	2812.0	2789.97065476	2986.95125532
192.0	3007.0	2302.88752552	2547.99320472
205.0	3216.0	1961.35329139	2055.47768178
219.0	3440.0	1676.37685337	1776.4406837
234.0	3679.0	1366.56584315	1464.32561109
251.0	3934.0	1156.09571625	1171.56102129
268.0	4208.0	960.481044825	974.825966865
287.0	4500.0	796.536785998	784.804149492
