80.0	1643.0	362841.904617	358659.397572
86.0	1757.0	332691.949923	325795.054603
92.0	1879.0	133995.548674	130797.02934
98.0	2010.0	29045.2030717	28553.2018107
105.0	2150.0	16847.0109912	17641.9601852
112.0	2299.0	12329.7841666	13213.1050566
120.0	2459.0	9525.43768804	10054.9820927
128.0	2629.0	7623.31664031	8190.31384562
137.0	2812.0	6244.78797616	6584.92630161
146.0	3007.0	4980.65291951	5530.10120009
157.0	3216.0	4267.9430796	4643.9787603
167.0	3440.0	3553.6816115	3837.29815187
179.0	3679.0	2978.42246314	3190.15647469
192.0	3934.0	2420.25125248	2713.86982191
205.0	4208.0	2099.1357178	2195.83835918
219.0	4500.0	1787.08636966	1940.84657936
