80.0	128.0	438658.21492	434172.974136
86.0	137.0	397264.42055	386102.818322
92.0	146.0	157574.602586	156746.217833
98.0	157.0	30383.0202567	29470.4232417
105.0	167.0	16638.9547743	16969.3112313
112.0	179.0	11219.4271004	12016.2807768
120.0	192.0	8174.80124913	8573.90940286
128.0	205.0	6227.00488908	6470.62187043
137.0	219.0	4923.54994363	5137.20076193
146.0	234.0	3851.45008317	4257.62823347
157.0	251.0	3207.77111897	3633.15587476
167.0	268.0	2584.62954539	2939.47739792
179.0	287.0	2044.89142577	2328.60103148
192.0	307.0	1624.36693607	1858.99230217
205.0	328.0	1343.62094748	1433.11894406
219.0	351.0	1094.8893713	1215.19785835
234.0	375.0	868.066095627	945.67738264
251.0	401.0	692.218714113	719.444390778
268.0	429.0	572.510798122	538.877304067
287.0	459.0	451.273110906	436.659698134
307.0	491.0	369.823032413	328.823365048
328.0	525.0	303.087756319	310.844990704
351.0	561.0	248.691790258	273.358141141
375.0	600.0	193.971572852	194.310141058
401.0	642.0	161.800638562	157.102196201
429.0	686.0	133.419280529	129.512283232
459.0	734.0	109.845624413	107.953172615
491.0	785.0	89.6482499819	95.2101474998
525.0	839.0	72.6470601737	72.2456581156
561.0	898.0	58.8681007107	62.1874234952
600.0	960.0	49.2265070439	64.073930649
642.0	1027.0	41.4888832738	55.9108683606
686.0	1098.0	34.9365044715	48.3785636006
734.0	1174.0	29.2177323556	43.610368772
785.0	1256.0	24.2539375731	34.440292229
839.0	1343.0	20.6797237845	32.2650027465
898.0	1437.0	17.2727313882	27.2661124867
960.0	1536.0	14.9736009108	19.9537644889
1027.0	1643.0	12.5449007178	16.7820490281
1098.0	1757.0	10.1553453235	9.86978661094
1174.0	1879.0	8.78327756082	8.14459570497
1256.0	2010.0	7.41153539849	6.813737488
1343.0	2150.0	6.60362126388	4.35730404703
1437.0	2299.0	5.34984629355	3.3761553352
1536.0	2459.0	4.77026792134	2.9785227958
1643.0	2629.0	3.92377730142	3.11209475019
1757.0	2812.0	3.75183634949	3.06359119405
1879.0	3007.0	2.91951336879	2.95414725929
2010.0	3216.0	2.91901785657	2.93379309027
2150.0	3440.0	2.94061604334	2.98062856781
2299.0	3679.0	2.90644610211	2.97149931545
2459.0	3934.0	2.94339004081	2.92505215573
2629.0	4208.0	2.94589717215	2.93533840207
2812.0	4500.0	2.90485778597	2.95142537593
