80.0	105.0	427512.485529	440165.404081
86.0	112.0	381463.91588	372574.303417
92.0	120.0	154823.299898	155542.587242
98.0	128.0	26965.0316083	25438.496178
105.0	137.0	13757.5755896	14003.209376
112.0	146.0	9018.3437892	9319.47125185
120.0	157.0	6514.43468058	6671.30488555
128.0	167.0	4786.16725943	4923.23743224
137.0	179.0	3656.99281574	3738.26711144
146.0	192.0	2972.40110815	3274.76380912
157.0	205.0	2279.22471189	2690.69838889
167.0	219.0	1841.8837359	2059.27698862
179.0	234.0	1525.97577474	1724.10117855
192.0	251.0	1240.44822147	1417.49910217
205.0	268.0	990.598617612	1162.36986195
219.0	287.0	837.305780514	983.814823703
234.0	307.0	682.382990188	790.844866165
251.0	328.0	534.031029407	557.176043885
268.0	351.0	420.556959208	366.671729687
287.0	375.0	344.953587747	320.632760927
307.0	401.0	279.661991329	249.307967094
328.0	429.0	233.295915878	229.611943819
351.0	459.0	189.775234038	219.022139792
375.0	491.0	155.023993086	151.009422367
401.0	525.0	126.605279846	133.45845781
429.0	561.0	108.352956166	104.999539636
459.0	600.0	87.5950891644	83.7825445059
491.0	642.0	70.9724993404	73.0511737255
525.0	686.0	59.331973658	54.8239829567
561.0	734.0	49.6823339398	46.144806737
600.0	785.0	42.7408487756	49.1008110144
642.0	839.0	35.4594428742	43.2518779521
686.0	898.0	29.2018025244	35.271213312
734.0	960.0	25.0513694806	36.4024635714
785.0	1027.0	20.8400743427	26.9807357573
839.0	1098.0	18.2346784651	29.1407833674
898.0	1174.0	15.3066417308	23.8437694506
960.0	1256.0	13.2006445221	16.8867631133
1027.0	1343.0	10.9623104475	17.3556770043
1098.0	1437.0	9.63962976632	10.8013176994
1174.0	1536.0	8.22210415222	9.06752704836
1256.0	1643.0	6.97903025786	7.51057198765
1343.0	1757.0	6.08188605438	4.41937478402
1437.0	1879.0	5.27518021619	3.42113509831
1536.0	2010.0	4.54250686152	3.16539523015
1643.0	2150.0	3.88167715685	2.96873650711
1757.0	2299.0	3.42447879191	2.95914761403
1879.0	2459.0	2.92854839287	2.93154733309
2010.0	2629.0	2.93596316231	2.96458072224
2150.0	2812.0	2.91884402709	2.93568314707
2299.0	3007.0	2.91908556554	2.94617734642
2459.0	3216.0	2.95556920423	2.9337012651
2629.0	3440.0	2.94502828427	2.94669580782
2812.0	3679.0	2.95678603718	2.91637031947
3007.0	3934.0	2.90827570397	2.92899753481
3216.0	4208.0	2.95434409503	2.92922404524
3440.0	4500.0	2.95562429734	2.96442216381
