80.0	328.0	415223.194469	408750.250223
86.0	351.0	364324.331433	357250.522326
92.0	375.0	148214.192234	143807.498152
98.0	401.0	31050.9150852	30146.6005692
105.0	429.0	18161.2092717	18548.5974339
112.0	459.0	12636.4392468	13298.4172043
120.0	491.0	9230.08096879	10148.7938003
128.0	525.0	7464.13071537	7664.12178486
137.0	561.0	5879.30643643	6402.20540353
146.0	600.0	4627.48189369	5080.66277948
157.0	642.0	3750.84431277	4076.13770677
167.0	686.0	3050.50531735	3379.71585591
179.0	734.0	2483.56880563	2661.07343809
192.0	785.0	2010.26357904	2197.28354565
205.0	839.0	1630.04771019	1752.20784595
219.0	898.0	1315.17534789	1461.52134102
234.0	960.0	1049.03243894	1146.3569057
251.0	1027.0	853.760666353	896.03742449
268.0	1098.0	708.877515361	714.209122404
287.0	1174.0	575.322324088	575.7713565
307.0	1256.0	461.413752545	457.058600333
328.0	1343.0	381.549933643	388.457068314
351.0	1437.0	318.011577511	349.571529614
375.0	1536.0	263.36008484	269.538709245
401.0	1643.0	212.612275315	230.641739577
429.0	1757.0	168.44273624	182.700039814
459.0	1879.0	141.838604159	153.419578396
491.0	2010.0	114.94162337	130.266465183
525.0	2150.0	94.6599469498	104.30555298
561.0	2299.0	79.9778552267	84.8713709425
600.0	2459.0	66.6577616103	80.3776681702
642.0	2629.0	54.543161123	71.295294144
686.0	2812.0	44.3298278953	56.5135454772
734.0	3007.0	39.50199672	52.4277782084
785.0	3216.0	31.8738345135	39.7040774769
839.0	3440.0	26.8354911545	34.4110221517
898.0	3679.0	22.4168256382	28.4433953078
960.0	3934.0	18.2047506406	20.8185791333
1027.0	4208.0	16.1813077758	18.0150180356
1098.0	4500.0	12.2721635924	11.1083936323
