80.0	268.0	430673.155535	424021.387292
86.0	287.0	367291.105545	363022.578223
92.0	307.0	151117.301853	148995.028773
98.0	328.0	31334.7479512	30512.6893298
105.0	351.0	17763.7278292	18222.7084537
112.0	375.0	12816.0322121	13418.4944603
120.0	401.0	9453.58490558	10174.2787448
128.0	429.0	7344.0719917	7803.7089734
137.0	459.0	5744.21864964	6139.95879001
146.0	491.0	4616.46072801	5163.72147069
157.0	525.0	3689.56956158	4189.49094759
167.0	561.0	2926.85808657	3380.79722911
179.0	600.0	2422.8786003	2730.70317135
192.0	642.0	1962.75490082	2235.80931537
205.0	686.0	1592.33373108	1749.01347178
219.0	734.0	1307.03204876	1469.25451694
234.0	785.0	1063.79971858	1113.07021812
251.0	839.0	840.291290086	866.867569972
268.0	898.0	694.039495639	680.929234495
287.0	960.0	585.128300037	557.856880463
307.0	1027.0	463.545679338	441.74662401
328.0	1098.0	377.824354822	379.825405681
351.0	1174.0	318.141541371	347.262190228
375.0	1256.0	254.766754753	257.699848774
401.0	1343.0	209.699717301	216.921148635
429.0	1437.0	164.290391151	177.71840031
459.0	1536.0	135.967696529	149.198411967
491.0	1643.0	112.141174681	129.743374045
525.0	1757.0	91.9698016967	98.6368209994
561.0	1879.0	75.0573446304	84.195158503
600.0	2010.0	61.6456525715	79.2297739216
642.0	2150.0	51.2733807254	67.8338239283
686.0	2299.0	44.0247399484	55.423125055
734.0	2459.0	36.3162964583	49.0832101617
785.0	2629.0	30.3682859928	38.6829384446
839.0	2812.0	25.7012703069	33.4252806575
898.0	3007.0	21.3549378537	27.1716731983
960.0	3216.0	17.8944443094	19.3827681265
1027.0	3440.0	14.6967995383	17.2436951523
1098.0	3679.0	11.8182189264	10.4542020357
1174.0	3934.0	9.57609899539	8.74477879326
1256.0	4208.0	8.47068793406	7.49718667292
1343.0	4500.0	6.56878335049	4.38580641121
