80.0	459.0	388079.909717	391636.76899
86.0	491.0	351369.210724	332243.992456
92.0	525.0	140790.386025	139100.658924
98.0	561.0	30904.4942539	30086.9566885
105.0	600.0	17447.3764568	17748.6912236
112.0	642.0	12360.7072144	13321.6826687
120.0	686.0	9282.95202749	9873.432709
128.0	734.0	7174.44928979	7661.18869595
137.0	785.0	5593.17849319	6235.97248764
146.0	839.0	4589.77137678	5054.37153611
157.0	898.0	3807.97241932	4207.1422733
167.0	960.0	3055.52379913	3377.9435257
179.0	1027.0	2400.40320713	2718.54082003
192.0	1098.0	1979.66034797	2210.53493752
205.0	1174.0	1656.04390586	1802.75449127
219.0	1256.0	1378.79865459	1534.24196002
234.0	1343.0	1135.01043389	1221.95454975
251.0	1437.0	893.538886038	944.046015547
268.0	1536.0	739.739566403	747.890039471
287.0	1643.0	611.255174828	614.083196431
307.0	1757.0	494.243073142	491.141011028
328.0	1879.0	422.923230356	422.731628822
351.0	2010.0	352.830738112	380.711872577
375.0	2150.0	288.419530256	291.116225459
401.0	2299.0	239.167791797	251.130974289
429.0	2459.0	195.93955732	199.206402284
459.0	2629.0	155.710076768	169.91684328
491.0	2812.0	134.278043686	145.546229856
525.0	3007.0	108.446018205	115.748684795
561.0	3216.0	90.420413557	97.3591168006
600.0	3440.0	82.9114596445	93.6054240119
642.0	3679.0	64.3592128942	79.9692209295
686.0	3934.0	54.5517899675	64.4294361097
734.0	4208.0	46.0962593837	59.0926008789
785.0	4500.0	39.5232949157	46.2196948579
