80.0	1536.0	359904.249146	364022.823781
86.0	1643.0	333027.545572	316899.515522
92.0	1757.0	135218.067553	130671.237096
98.0	1879.0	29679.5757608	28204.1790202
105.0	2010.0	16990.4668684	17609.4304211
112.0	2150.0	12175.254257	13304.6361334
120.0	2299.0	9574.73025192	10235.2093538
128.0	2459.0	7658.52054432	8097.20513496
137.0	2629.0	6061.78436767	6511.76393116
146.0	2812.0	4916.53427161	5530.34219798
157.0	3007.0	4171.63163197	4760.74834978
167.0	3216.0	3508.60725711	3835.08594988
179.0	3440.0	2920.26814688	3259.9959147
192.0	3679.0	2481.44834756	2709.09469648
205.0	3934.0	2141.80269598	2175.50725794
219.0	4208.0	1762.60379017	1920.05375477
234.0	4500.0	1513.2668545	1606.16944644
