80.0	734.0	372145.07473	383891.685244
86.0	785.0	346236.546279	331554.90985
92.0	839.0	137784.019465	137311.027319
98.0	898.0	29418.0297819	28306.7892764
105.0	960.0	16700.1371337	17508.1170551
112.0	1027.0	12068.3548496	12765.7478353
120.0	1098.0	9122.99297464	9931.30434662
128.0	1174.0	7153.56206412	7839.78510187
137.0	1256.0	5917.0139326	6068.21349551
146.0	1343.0	4691.51995858	5184.32818036
157.0	1437.0	3832.08097973	4213.31772109
167.0	1536.0	3059.33998857	3512.24951708
179.0	1643.0	2548.01457994	2915.22554029
192.0	1757.0	2131.3924936	2399.00189303
205.0	1879.0	1708.27812088	1890.66578656
219.0	2010.0	1433.73147407	1607.88082589
234.0	2150.0	1184.9979543	1280.99378062
251.0	2299.0	993.230542844	1037.93369386
268.0	2459.0	802.798302443	812.89484706
287.0	2629.0	670.725399463	662.978594382
307.0	2812.0	559.242607253	529.625351453
328.0	3007.0	459.168921365	494.563371673
351.0	3216.0	401.564253662	439.524435448
375.0	3440.0	330.873956777	341.487682465
401.0	3679.0	270.509889346	292.270457651
429.0	3934.0	224.312042419	232.223770097
459.0	4208.0	197.239765736	202.000361941
491.0	4500.0	167.79555737	180.553509466
