80.0	1027.0	367386.628083	380249.490365
86.0	1098.0	322084.980235	310377.469593
92.0	1174.0	133550.59707	132754.172351
98.0	1256.0	28614.1193055	28025.5492706
105.0	1343.0	16853.6269466	17539.7898651
112.0	1437.0	11913.6268875	13266.5823335
120.0	1536.0	9082.06121975	9862.56343231
128.0	1643.0	7130.32541019	7575.80851291
137.0	1757.0	5845.23571245	6102.562851
146.0	1879.0	4835.23333432	5294.10572225
157.0	2010.0	4052.32575712	4442.60451142
167.0	2150.0	3150.00265815	3669.43821512
179.0	2299.0	2664.71704918	3026.66441505
192.0	2459.0	2259.16810247	2457.78908596
205.0	2629.0	1861.89372816	1964.94077575
219.0	2812.0	1613.57675597	1764.4356761
234.0	3007.0	1303.2619612	1425.73719975
251.0	3216.0	1068.28576778	1124.999299
268.0	3440.0	901.639347055	909.584491398
287.0	3679.0	790.075824738	780.684490125
307.0	3934.0	649.17509509	632.990535899
328.0	4208.0	535.563498953	555.210345527
351.0	4500.0	478.618572907	523.76626031
