80.0	167.0	435457.389558	444121.965635
86.0	179.0	406893.910449	383838.170422
92.0	192.0	160667.997839	162586.301574
98.0	205.0	32437.8853304	31799.5883482
105.0	219.0	17979.6085416	18369.8101026
112.0	234.0	12626.9274514	13404.1749658
120.0	251.0	9080.41656914	9735.28830313
128.0	268.0	7035.65051261	7574.44402827
137.0	287.0	5569.28653746	6008.53219727
146.0	307.0	4414.28439703	5011.64829273
157.0	328.0	3513.74137664	4077.36632193
167.0	351.0	2830.04942503	3219.33559342
179.0	375.0	2311.7523105	2604.36982172
192.0	401.0	1869.38488217	2114.95201483
205.0	429.0	1518.41208955	1656.7477702
219.0	459.0	1231.8846583	1374.54624455
234.0	491.0	989.269763399	1071.40570452
251.0	525.0	794.14602794	837.266764218
268.0	561.0	639.524565819	627.840032389
287.0	600.0	518.600259781	496.065320894
307.0	642.0	413.427560634	386.330175779
328.0	686.0	330.533448427	341.386341144
351.0	734.0	275.459786443	312.289359806
375.0	785.0	229.623415534	233.505957146
401.0	839.0	183.003374654	190.826625669
429.0	898.0	147.955105137	150.563600531
459.0	960.0	118.434796863	128.810662294
491.0	1027.0	99.2141563872	110.053239326
525.0	1098.0	80.4711103225	89.0239895034
561.0	1174.0	66.9611554846	75.5251004321
600.0	1256.0	55.3498192741	71.7341850037
642.0	1343.0	45.5299392232	64.4128911571
686.0	1437.0	38.2163524501	54.0953430144
734.0	1536.0	32.218712707	47.8613559228
785.0	1643.0	26.1047120877	36.8971809091
839.0	1757.0	22.3180076016	31.4258451629
898.0	1879.0	18.5526906563	25.9267363453
960.0	2010.0	15.0170476965	18.2722701952
1027.0	2150.0	13.3941524211	16.0545200736
1098.0	2299.0	11.0176356748	9.33536391504
1174.0	2459.0	9.13705916555	8.29294888337
1256.0	2629.0	7.76406690588	6.86767770334
1343.0	2812.0	6.69256222921	4.26265052336
1437.0	3007.0	5.65614890613	3.44893858392
1536.0	3216.0	4.86470331667	3.02428105635
1643.0	3440.0	3.95776011273	2.91221099262
1757.0	3679.0	3.65345296022	3.04497760075
1879.0	3934.0	2.94860023845	2.96150280607
2010.0	4208.0	2.88637639196	2.97743967474
2150.0	4500.0	2.93518780623	2.92301134244
