80.0	1757.0	365302.549184	367587.587779
86.0	1879.0	325007.316254	318452.930555
92.0	2010.0	134218.007086	132438.558485
98.0	2150.0	28975.5411158	27987.8840768
105.0	2299.0	17074.8272231	17658.8289963
112.0	2459.0	12606.6805165	13109.9484545
120.0	2629.0	9575.01140092	10374.2496899
128.0	2812.0	7795.70505774	8025.21221826
137.0	3007.0	6215.74529371	6641.49783608
146.0	3216.0	5196.1022461	5690.34282456
157.0	3440.0	4318.92370021	4853.6896093
167.0	3679.0	3606.9563543	4027.63591429
179.0	3934.0	3027.11424449	3277.41240069
192.0	4208.0	2628.86685026	2784.97635379
205.0	4500.0	2193.1331512	2295.72220619
