80.0	307.0	402918.637107	418314.354799
86.0	328.0	369090.073479	356700.525485
92.0	351.0	148364.089176	143536.262322
98.0	375.0	31103.2935125	30299.1896395
105.0	401.0	17809.2026719	18572.8952993
112.0	429.0	12521.4125023	13049.4468712
120.0	459.0	9513.86380035	10070.1939195
128.0	491.0	7327.49649943	7742.56148984
137.0	525.0	5804.28667032	6333.87934695
146.0	561.0	4687.83143924	5216.29945876
157.0	600.0	3720.76855104	4165.7203705
167.0	642.0	2960.18217786	3353.1572096
179.0	686.0	2451.0397205	2722.65065357
192.0	734.0	1998.46297806	2169.97964273
205.0	785.0	1638.25601031	1773.59339193
219.0	839.0	1279.90628815	1451.68988917
234.0	898.0	1059.33138727	1155.36769837
251.0	960.0	869.824450786	906.045562212
268.0	1027.0	701.907441039	720.895778886
287.0	1098.0	575.373553654	555.685012169
307.0	1174.0	468.820103613	449.07818913
328.0	1256.0	384.284678306	391.926468659
351.0	1343.0	308.540010347	350.104435568
375.0	1437.0	263.173341664	267.833759287
401.0	1536.0	210.313136914	226.306148447
429.0	1643.0	174.027510701	180.675464268
459.0	1757.0	141.590185545	150.431665308
491.0	1879.0	116.181162987	133.115906025
525.0	2010.0	96.1851768082	104.654129952
561.0	2150.0	76.376054648	87.3358803753
600.0	2299.0	65.0397020295	80.1551129213
642.0	2459.0	54.7810746177	71.6387921385
686.0	2629.0	46.0052407994	56.9220549176
734.0	2812.0	39.4747770585	52.1634338996
785.0	3007.0	31.9859703959	40.2068109184
839.0	3216.0	26.7040273513	34.6543468773
898.0	3440.0	23.1348558219	28.7229282214
960.0	3679.0	18.9078223129	20.8225585888
1027.0	3934.0	16.0020575138	18.156874115
1098.0	4208.0	12.6304427687	10.9728759481
1174.0	4500.0	10.0488238296	9.1578209587
