80.0	561.0	384787.802268	390165.680304
86.0	600.0	339747.903528	330761.837466
92.0	642.0	140842.041795	139268.11881
98.0	686.0	30258.8910041	28983.301131
105.0	734.0	17477.8302549	18008.9969896
112.0	785.0	11972.2415445	13163.9618811
120.0	839.0	9006.51900117	9759.37684763
128.0	898.0	7134.0769352	7489.05086751
137.0	960.0	5772.75470416	6071.47416204
146.0	1027.0	4822.60957447	5136.08492356
157.0	1098.0	3848.59435607	4298.86018617
167.0	1174.0	3020.29345886	3386.11466469
179.0	1256.0	2454.45584453	2743.91670149
192.0	1343.0	2049.48539224	2271.0941695
205.0	1437.0	1683.59315626	1820.49326284
219.0	1536.0	1420.61900277	1559.58235921
234.0	1643.0	1149.66163223	1214.83034294
251.0	1757.0	946.733024127	1004.46408937
268.0	1879.0	763.554509488	769.770647037
287.0	2010.0	633.264041147	631.954543796
307.0	2150.0	527.834089891	507.972002934
328.0	2299.0	437.583690915	438.1675212
351.0	2459.0	359.024473102	401.247299715
375.0	2629.0	294.489342802	306.645342707
401.0	2812.0	247.917081292	260.418803697
429.0	3007.0	203.519277748	209.485976722
459.0	3216.0	166.348991779	173.10767544
491.0	3440.0	144.57282663	158.042348773
525.0	3679.0	117.787945426	123.804072917
561.0	3934.0	102.006236988	108.353327754
600.0	4208.0	82.0171913409	98.1603515942
642.0	4500.0	69.3717999291	84.0434662551
