80.0	98.0	418286.503647	401560.554248
86.0	105.0	375906.190336	380973.795996
92.0	112.0	150790.564767	146971.187149
98.0	120.0	24844.4665695	22448.6255828
105.0	128.0	11585.4944648	12248.2185383
112.0	137.0	7728.63613291	8117.13505078
120.0	146.0	5368.89132258	5666.28510735
128.0	157.0	4138.89560348	4010.10447131
137.0	167.0	3086.05311173	3124.0688828
146.0	179.0	2455.93190974	2662.97381404
157.0	192.0	1960.3130387	2209.53948603
167.0	205.0	1574.29855668	1816.14886062
179.0	219.0	1245.09291002	1353.6404326
192.0	234.0	1041.50899418	1150.00069501
205.0	251.0	822.150997072	914.857455823
219.0	268.0	674.191435286	874.708931308
234.0	287.0	572.052623541	662.179259432
251.0	307.0	442.379948875	513.755865897
268.0	328.0	359.656324598	348.443203237
287.0	351.0	280.246874083	237.724103189
307.0	375.0	236.979048271	201.775727017
328.0	401.0	200.470174543	189.968596689
351.0	429.0	166.777455125	196.060199615
375.0	459.0	133.664031896	134.575046087
401.0	491.0	112.437086914	107.534935149
429.0	525.0	88.6449019411	86.7788641869
459.0	561.0	74.7794507751	79.0335535082
491.0	600.0	61.6714059401	62.3896873549
525.0	642.0	52.2579143936	45.9536034687
561.0	686.0	42.7824815328	40.9002363261
600.0	734.0	36.590201468	40.5068780459
642.0	785.0	30.9771905589	38.6978369867
686.0	839.0	26.7170581918	30.9886515363
734.0	898.0	23.1273488529	29.4022572376
785.0	960.0	19.7605368908	25.5591155308
839.0	1027.0	16.9642944845	22.2720126176
898.0	1098.0	14.4472594945	23.2068802105
960.0	1174.0	11.6981811195	16.4039779329
1027.0	1256.0	10.5601275973	14.8649136808
1098.0	1343.0	8.97974748933	10.0056449649
1174.0	1437.0	7.5772474283	8.8675621802
1256.0	1536.0	6.59842812447	8.15093201124
1343.0	1643.0	5.74889496607	4.46656038142
1437.0	1757.0	5.10200899778	3.43316962858
1536.0	1879.0	4.31077948333	2.98748403084
1643.0	2010.0	3.89777303819	2.92238469705
1757.0	2150.0	2.96228570484	2.92286016172
1879.0	2299.0	2.91581045811	2.94820048366
2010.0	2459.0	2.93069914852	2.94550988674
2150.0	2629.0	2.91641469846	2.93871135665
2299.0	2812.0	2.93119066977	2.96375200627
2459.0	3007.0	2.94027725761	2.92237453039
2629.0	3216.0	2.95218094007	2.93681299411
2812.0	3440.0	2.96778442481	2.94438523457
3007.0	3679.0	2.91914326793	2.93448496419
3216.0	3934.0	2.93467204171	2.93752498828
3440.0	4208.0	2.94853617847	2.95577962515
3679.0	4500.0	2.94794285329	2.95815668958
