80.0	92.0	283895.132214	289312.704213
86.0	98.0	368083.057215	363686.14969
92.0	105.0	145427.325932	139201.720513
98.0	112.0	21269.2448765	18858.641058
105.0	120.0	9532.69112124	9601.66018562
112.0	128.0	6079.19934365	6246.8232984
120.0	137.0	4117.23656807	4462.95344061
128.0	146.0	2994.80240517	3009.81197931
137.0	157.0	2288.6612297	2176.26388247
146.0	167.0	1854.78654892	1963.50994242
157.0	179.0	1493.54491527	1642.22275048
167.0	192.0	1157.40351349	1289.68318409
179.0	205.0	944.662136845	1096.38826685
192.0	219.0	753.666916388	797.911053303
205.0	234.0	620.751532135	652.004568648
219.0	251.0	497.681038212	641.028932473
234.0	268.0	408.969883043	524.817141554
251.0	287.0	335.38824493	384.780460758
268.0	307.0	268.908892997	276.026378667
287.0	328.0	213.016798607	202.767319654
307.0	351.0	177.778863319	127.276395731
328.0	375.0	149.368543303	142.624241192
351.0	401.0	126.765231878	153.28988714
375.0	429.0	103.98899251	106.12391349
401.0	459.0	88.4039489711	87.7153119732
429.0	491.0	71.1315252056	66.1797661812
459.0	525.0	59.8359355176	65.244409726
491.0	561.0	53.1606768903	60.1547731631
525.0	600.0	43.6345143012	35.6157981233
561.0	642.0	35.9868346094	30.2650359126
600.0	686.0	31.3197010419	35.8015538802
642.0	734.0	26.2648898068	29.8172773547
686.0	785.0	22.4742281275	26.2786687814
734.0	839.0	19.16177657	24.7798154607
785.0	898.0	16.6062398668	18.8787988124
839.0	960.0	14.7658990396	20.2599098455
898.0	1027.0	12.1275317624	15.8718723574
960.0	1098.0	10.6554860762	15.6979723707
1027.0	1174.0	9.35475402475	14.0659333619
1098.0	1256.0	7.92110972912	7.41283578124
1174.0	1343.0	7.21588898978	8.73334156091
1256.0	1437.0	6.03786685022	7.72854179334
1343.0	1536.0	5.30104623226	5.04147978995
1437.0	1643.0	4.52892787575	3.45778009402
1536.0	1757.0	3.7718068118	2.90955367456
1643.0	1879.0	3.78395885391	3.02352443194
1757.0	2010.0	2.93052337473	2.95183858314
1879.0	2150.0	2.94372412566	2.90488698736
2010.0	2299.0	2.9282272709	2.95361244861
2150.0	2459.0	2.92409785174	2.94507822825
2299.0	2629.0	2.91018868288	2.92743619765
2459.0	2812.0	2.94761488127	2.92424314375
2629.0	3007.0	2.9278292274	2.96954632649
2812.0	3216.0	2.96629274216	2.93320612586
3007.0	3440.0	2.94810919054	2.97424159826
3216.0	3679.0	2.91820839357	2.92690388475
3440.0	3934.0	2.9245845241	2.92368820609
3679.0	4208.0	2.93514197962	2.95448484852
3934.0	4500.0	2.94460105583	2.93159511267
