80.0	1879.0	366177.891359	368627.852204
86.0	2010.0	327600.054677	314188.580044
92.0	2150.0	132148.613893	131005.943645
98.0	2299.0	29028.7632282	28189.7442644
105.0	2459.0	17425.7119441	17679.7268843
112.0	2629.0	12487.8260416	13372.4943223
120.0	2812.0	9683.05961704	10419.7902529
128.0	3007.0	7523.15178024	8224.69120782
137.0	3216.0	6417.71613424	6731.02457489
146.0	3440.0	5059.11675447	5681.94936268
157.0	3679.0	4274.13986519	4821.8648305
167.0	3934.0	3624.54458996	3955.18434252
179.0	4208.0	2985.03619539	3343.08480849
192.0	4500.0	2622.13642554	2769.00304564
