80.0	1437.0	357530.917525	367921.657715
86.0	1536.0	330661.513753	314920.009638
92.0	1643.0	131677.058891	134294.680053
98.0	1757.0	28728.9046232	28097.205544
105.0	1879.0	17028.7881529	17469.1694662
112.0	2010.0	12141.5457936	12992.4725258
120.0	2150.0	9413.69220044	10068.9596522
128.0	2299.0	7462.90415674	8154.55978442
137.0	2459.0	6050.43503501	6453.31812037
146.0	2629.0	5029.74117239	5438.40554046
157.0	2812.0	4090.1948081	4525.88507152
167.0	3007.0	3441.29946935	3779.61841686
179.0	3216.0	2909.46071661	3166.30430862
192.0	3440.0	2512.20786189	2579.24019929
205.0	3679.0	2013.78241998	2093.47810013
219.0	3934.0	1667.98914752	1852.81136124
234.0	4208.0	1440.48104964	1521.48456757
251.0	4500.0	1232.24576438	1257.07764511
