80.0	157.0	434331.235246	437939.579936
86.0	167.0	390545.937589	377992.769593
92.0	179.0	162115.199104	158640.757215
98.0	192.0	32399.5970486	31300.240849
105.0	205.0	17508.186121	18193.0652596
112.0	219.0	12128.6111656	12896.3399453
120.0	234.0	8756.14690785	9645.44344532
128.0	251.0	6843.37696371	7226.34756825
137.0	268.0	5450.48929159	5844.94854441
146.0	287.0	4442.31937017	4797.31390742
157.0	307.0	3523.34703243	4014.06303326
167.0	328.0	2858.61869664	3144.99392938
179.0	351.0	2288.17344523	2510.19919859
192.0	375.0	1912.70023816	2070.03638481
205.0	401.0	1504.49691782	1610.20069056
219.0	429.0	1171.23065277	1381.00543429
234.0	459.0	977.386526137	1038.87763152
251.0	491.0	777.955373402	799.08408355
268.0	525.0	628.181501557	628.099254595
287.0	561.0	512.016480425	496.949880516
307.0	600.0	402.301195427	373.744288776
328.0	642.0	338.935726514	321.728728418
351.0	686.0	275.037337051	297.924946188
375.0	734.0	220.481070983	223.766976245
401.0	785.0	188.194375001	187.213194683
429.0	839.0	147.05465773	143.127807133
459.0	898.0	119.855532798	123.991643758
491.0	960.0	96.0471691618	108.579730481
525.0	1027.0	81.0362856512	85.0278834817
561.0	1098.0	66.2830296659	74.4879480218
600.0	1174.0	55.2325166784	73.0941014267
642.0	1256.0	46.7428309253	62.7720221223
686.0	1343.0	38.1344784378	51.9842762467
734.0	1437.0	32.1896006145	47.8281234515
785.0	1536.0	26.3870134233	37.15205933
839.0	1643.0	21.9917546757	32.005309811
898.0	1757.0	18.2863059483	25.457892395
960.0	1879.0	15.7015772976	18.713535541
1027.0	2010.0	13.1237847252	15.9236573966
1098.0	2150.0	11.150651216	9.375309461
1174.0	2299.0	8.8409080465	8.0407131116
1256.0	2459.0	7.6266331089	6.84702848521
1343.0	2629.0	6.44438267701	4.1014754729
1437.0	2812.0	5.64435588203	3.26852820333
1536.0	3007.0	4.83921962419	2.99192317231
1643.0	3216.0	3.95655804067	3.00701662847
1757.0	3440.0	3.8022200321	3.02635295485
1879.0	3679.0	2.95653149627	2.95856557603
2010.0	3934.0	2.92804298444	2.97545241858
2150.0	4208.0	2.89814525764	2.97613757136
2299.0	4500.0	2.93903835598	2.91516763277
