80.0	525.0	387045.622482	388415.948413
86.0	561.0	347345.833577	331392.568266
92.0	600.0	139178.266735	135969.438642
98.0	642.0	30364.8342033	28296.7526503
105.0	686.0	17864.6478814	17876.179488
112.0	734.0	12014.3656203	13116.092094
120.0	785.0	9043.23212503	9584.26477053
128.0	839.0	7075.72360675	7703.02150187
137.0	898.0	5730.93495815	5971.75519682
146.0	960.0	4718.36512915	5163.42387677
157.0	1027.0	3763.44734757	4238.64779077
167.0	1098.0	3167.55843586	3421.23069981
179.0	1174.0	2478.27121683	2697.4157606
192.0	1256.0	2027.66024198	2269.85254916
205.0	1343.0	1716.56188004	1821.07896011
219.0	1437.0	1419.3768622	1575.96681735
234.0	1536.0	1130.8905559	1216.44793566
251.0	1643.0	943.633116146	994.64097976
268.0	1757.0	786.205649181	758.788930666
287.0	1879.0	632.180568053	629.943104788
307.0	2010.0	525.774851335	505.040644676
328.0	2150.0	445.954211487	438.132938372
351.0	2299.0	366.258902975	396.327932005
375.0	2459.0	295.511186322	308.15179694
401.0	2629.0	247.808186853	256.223741938
429.0	2812.0	203.617767452	205.720710203
459.0	3007.0	169.504332319	179.055354346
491.0	3216.0	144.291036346	157.280896616
525.0	3440.0	116.400261385	122.825026209
561.0	3679.0	104.253650885	107.935527938
600.0	3934.0	83.6626253181	96.3573742495
642.0	4208.0	71.3722884832	85.4630723141
686.0	4500.0	61.3325351093	70.6044788623
