80.0	429.0	395168.913027	391963.465405
86.0	459.0	349851.59591	351286.964132
92.0	491.0	145910.448295	142888.67068
98.0	525.0	30860.7522459	29690.0013405
105.0	561.0	17514.716454	17831.59807
112.0	600.0	12610.0324179	13321.984012
120.0	642.0	9426.93072595	10134.9633658
128.0	686.0	7054.10728394	7818.66289614
137.0	734.0	5716.32769116	6114.44255836
146.0	785.0	4632.71684361	5155.40686258
157.0	839.0	3717.67309026	4105.37512373
167.0	898.0	3084.56395056	3390.49411671
179.0	960.0	2535.19422709	2748.32515927
192.0	1027.0	2032.90918297	2199.41411935
205.0	1098.0	1597.93376029	1770.12735856
219.0	1174.0	1332.89471246	1520.2517087
234.0	1256.0	1096.3390661	1199.87910224
251.0	1343.0	903.39413176	928.781295743
268.0	1437.0	719.667597472	717.628847753
287.0	1536.0	600.336239894	585.895133612
307.0	1643.0	477.602124954	474.091961437
328.0	1757.0	413.736519915	417.937314856
351.0	1879.0	348.937756535	370.173408137
375.0	2010.0	270.725763557	287.690108148
401.0	2150.0	227.07427726	236.173162814
429.0	2299.0	183.517520019	188.823120283
459.0	2459.0	151.132881618	163.047039532
491.0	2629.0	125.043029045	140.518090388
525.0	2812.0	103.233379342	107.975756601
561.0	3007.0	86.8609818771	93.2556201318
600.0	3216.0	72.9076628544	87.9666555327
642.0	3440.0	65.2342435145	77.3797697849
686.0	3679.0	49.9955601049	61.482041472
734.0	3934.0	43.91458057	55.364335006
785.0	4208.0	36.1053809055	44.2839314278
839.0	4500.0	30.8984217124	37.6681707632
