80.0	120.0	442029.125104	435059.39556
86.0	128.0	393669.854873	387402.092676
92.0	137.0	156624.627201	157358.481502
98.0	146.0	29344.0756701	28361.9446275
105.0	157.0	15993.7852235	16174.803603
112.0	167.0	10701.0338256	11350.707507
120.0	179.0	7841.83264933	8129.67901948
128.0	192.0	5969.50715508	6162.82426394
137.0	205.0	4659.62030189	4827.90843425
146.0	219.0	3657.16021117	3997.83691931
157.0	234.0	2939.29112361	3259.23241394
167.0	251.0	2309.52181195	2638.26525225
179.0	268.0	1894.28469225	2203.0749961
192.0	287.0	1543.49268238	1761.95607404
205.0	307.0	1239.32826631	1420.54248544
219.0	328.0	994.829396588	1178.49575557
234.0	351.0	813.878904288	869.258829237
251.0	375.0	646.884537934	668.372304862
268.0	401.0	525.556593346	503.707478407
287.0	429.0	430.664402502	410.321026778
307.0	459.0	347.659493971	322.154906461
328.0	491.0	288.717506167	277.411374758
351.0	525.0	229.932923768	266.410515172
375.0	561.0	183.434240443	191.938313117
401.0	600.0	153.202378059	149.62172464
429.0	642.0	124.465360349	120.643731073
459.0	686.0	103.393025244	104.126964762
491.0	734.0	82.9998259081	88.5814020721
525.0	785.0	68.4701938688	68.2277800236
561.0	839.0	56.5019456912	57.9339739722
600.0	898.0	47.2450625983	58.9170146217
642.0	960.0	40.5657452143	54.9892940888
686.0	1027.0	33.5918174078	42.8570121769
734.0	1098.0	28.2977605297	43.2930905364
785.0	1174.0	23.7567985695	34.1026055336
839.0	1256.0	19.8210045547	29.9607311208
898.0	1343.0	17.4019670599	26.9126215029
960.0	1437.0	14.4354955074	19.8286349501
1027.0	1536.0	12.6785344255	17.6674414384
1098.0	1643.0	10.1987074085	10.3095680776
1174.0	1757.0	8.50235926009	8.20595879347
1256.0	1879.0	7.28273762661	6.99816607492
1343.0	2010.0	6.52129571533	4.19682864678
1437.0	2150.0	5.55419499459	3.41696761811
1536.0	2299.0	4.73440566747	3.00444367903
1643.0	2459.0	3.84204414681	2.9656153208
1757.0	2629.0	3.70738168689	3.06627777147
1879.0	2812.0	2.93486531646	2.97380344823
2010.0	3007.0	2.90870138895	2.97224756967
2150.0	3216.0	2.94067796157	2.96916258055
2299.0	3440.0	2.91470527015	2.94264536271
2459.0	3679.0	2.92615210516	2.92362728223
2629.0	3934.0	2.90123622295	2.92891046788
2812.0	4208.0	2.93210933624	2.92805956425
3007.0	4500.0	2.91917301108	2.93308191219
