80.0	375.0	415294.515339	411126.527606
86.0	401.0	350838.808768	357941.357824
92.0	429.0	146818.397219	143285.595502
98.0	459.0	31620.644622	29440.9650638
105.0	491.0	17709.1298787	18067.1434509
112.0	525.0	12363.9194686	13146.1779426
120.0	561.0	9356.90249171	10123.9195458
128.0	600.0	7378.00433085	7755.90764782
137.0	642.0	5811.18164809	6328.93085612
146.0	686.0	4612.8709316	5023.08623097
157.0	734.0	3673.85628327	4195.87446001
167.0	785.0	3028.6655488	3373.70473833
179.0	839.0	2479.3367524	2705.24134986
192.0	898.0	1971.99644937	2226.95400259
205.0	960.0	1583.97741466	1758.15018263
219.0	1027.0	1309.29713319	1491.98784237
234.0	1098.0	1100.61341094	1170.90065354
251.0	1174.0	891.806958611	918.789010855
268.0	1256.0	718.891232486	706.768352942
287.0	1343.0	587.161141364	578.077792977
307.0	1437.0	469.466882924	469.193889382
328.0	1536.0	389.437920761	407.958918258
351.0	1643.0	324.476373812	373.232664602
375.0	1757.0	264.285990596	277.704130216
401.0	1879.0	219.81700401	228.845280832
429.0	2010.0	176.738553014	183.358050133
459.0	2150.0	145.639863729	156.073637637
491.0	2299.0	125.567218098	134.997287757
525.0	2459.0	98.0833161163	104.492123247
561.0	2629.0	83.7422289468	90.2271270789
600.0	2812.0	67.8786096047	83.7565765767
642.0	3007.0	57.5617505518	72.3346946103
686.0	3216.0	48.8581835551	60.0625613344
734.0	3440.0	40.2963097197	52.86875949
785.0	3679.0	33.6549732162	41.3417862858
839.0	3934.0	28.1082330113	36.2984015144
898.0	4208.0	23.9753660517	29.3709300428
960.0	4500.0	19.9342875189	21.8795364467
