80.0	2010.0	363353.233328	379427.851594
86.0	2150.0	328997.811974	312735.350457
92.0	2299.0	135049.868186	131660.158401
98.0	2459.0	30048.5259691	28741.5468652
105.0	2629.0	18253.3510514	17781.7969863
112.0	2812.0	12799.5462195	13488.6011411
120.0	3007.0	9630.04605673	10217.0766787
128.0	3216.0	8021.79416684	8251.12505111
137.0	3440.0	6389.74779183	6848.36777399
146.0	3679.0	5310.03750001	5859.16716965
157.0	3934.0	4450.70950477	4889.99895853
167.0	4208.0	3793.39888869	4108.91362021
179.0	4500.0	3181.17510461	3397.65539611
