80.0	234.0	421825.517988	429545.962787
86.0	251.0	385863.290782	368491.474414
92.0	268.0	152409.05538	149930.346306
98.0	287.0	31387.5038828	30934.1202266
105.0	307.0	17975.6537032	18436.3396039
112.0	328.0	12625.8704946	13662.9265925
120.0	351.0	9438.79094673	10149.1370456
128.0	375.0	7138.13149899	7861.26873926
137.0	401.0	5814.88328012	6194.130935
146.0	429.0	4646.23381248	5139.37179979
157.0	459.0	3701.88062276	4214.30786304
167.0	491.0	2950.18803586	3326.80596756
179.0	525.0	2353.08810272	2653.89443473
192.0	561.0	1975.82310481	2204.2354917
205.0	600.0	1618.35062247	1675.74408648
219.0	642.0	1312.49154804	1464.74049103
234.0	686.0	1052.04588677	1132.60713625
251.0	734.0	841.092966611	859.213710435
268.0	785.0	679.268024194	662.14589423
287.0	839.0	549.582478124	527.555248816
307.0	898.0	452.09996104	449.151850191
328.0	960.0	372.621819051	371.526960825
351.0	1027.0	305.388740098	333.173597152
375.0	1098.0	245.449003902	256.696852337
401.0	1174.0	198.067959936	212.903881067
429.0	1256.0	163.595124762	170.248321968
459.0	1343.0	132.400498204	147.974076458
491.0	1437.0	109.831208523	127.888917033
525.0	1536.0	89.0892662233	96.3530062339
561.0	1643.0	73.2105280431	81.1756291193
600.0	1757.0	61.684404118	77.4136733041
642.0	1879.0	50.8991350665	66.2667325977
686.0	2010.0	41.2371777829	52.8884496336
734.0	2150.0	34.6391265767	47.4434211179
785.0	2299.0	28.8637393467	37.3422011782
839.0	2459.0	24.6015067837	32.2693921131
898.0	2629.0	20.1438849802	26.5206357963
960.0	2812.0	16.5272832601	18.9968355818
1027.0	3007.0	14.1049500945	16.3790612849
1098.0	3216.0	11.4899972725	10.1016708322
1174.0	3440.0	9.64295577169	8.39721676298
1256.0	3679.0	8.05543442791	7.02651224456
1343.0	3934.0	6.59803586627	4.53616562562
1437.0	4208.0	5.74214988689	3.24642035135
1536.0	4500.0	4.66678563698	3.05262285219
