80.0	686.0	380554.27315	379431.047392
86.0	734.0	345112.409553	331196.308106
92.0	785.0	137877.879372	134292.451139
98.0	839.0	29939.2680675	28692.9011841
105.0	898.0	16787.8488231	17438.0796939
112.0	960.0	12071.5987261	12858.7410825
120.0	1027.0	9204.59614048	9918.6942393
128.0	1098.0	6957.07477148	7809.53937225
137.0	1174.0	5721.55981944	6191.63178089
146.0	1256.0	4633.85324871	5024.18166822
157.0	1343.0	3722.45764301	4221.44327464
167.0	1437.0	3130.58324092	3482.09365581
179.0	1536.0	2644.05332739	2881.49358326
192.0	1643.0	2149.11846824	2372.49825621
205.0	1757.0	1753.98615158	1874.95466559
219.0	1879.0	1461.56908581	1627.31020827
234.0	2010.0	1172.85602756	1284.05948146
251.0	2150.0	994.642578663	1033.59968605
268.0	2299.0	794.255786711	805.927918354
287.0	2459.0	680.855476964	668.670105501
307.0	2629.0	567.292243148	531.430304986
328.0	2812.0	465.50402802	477.552798564
351.0	3007.0	394.788956723	445.524079515
375.0	3216.0	328.996960182	339.578828066
401.0	3440.0	274.774819277	281.099905481
429.0	3679.0	230.58002097	243.89813704
459.0	3934.0	189.614506091	203.805709178
491.0	4208.0	169.807506297	184.642314281
525.0	4500.0	136.114616084	141.086767265
