80.0	491.0	396447.072271	394244.486052
86.0	525.0	345265.301167	343624.98102
92.0	561.0	139960.768432	141583.218555
98.0	600.0	29884.2810854	29110.8110037
105.0	642.0	17683.0771358	17905.8329923
112.0	686.0	12400.4451077	13083.7708171
120.0	734.0	9327.57482042	9799.65241839
128.0	785.0	7114.79478789	7476.93783891
137.0	839.0	5611.24890329	6037.12321706
146.0	898.0	4633.91295722	5091.45984015
157.0	960.0	3873.27245729	4261.85700914
167.0	1027.0	3079.64950199	3420.78587128
179.0	1098.0	2508.60752303	2705.52424
192.0	1174.0	1995.24584427	2211.81746067
205.0	1256.0	1663.3476759	1762.95853268
219.0	1343.0	1365.09844687	1525.36534193
234.0	1437.0	1134.03454381	1241.6449063
251.0	1536.0	919.019505212	958.492035087
268.0	1643.0	728.222745894	729.349563879
287.0	1757.0	613.611429657	607.523844351
307.0	1879.0	501.058177724	482.628914017
328.0	2010.0	425.481757369	424.85649756
351.0	2150.0	341.353168901	390.005606139
375.0	2299.0	285.231169341	302.611445075
401.0	2459.0	238.119528132	247.721992111
429.0	2629.0	198.035167492	199.48915747
459.0	2812.0	159.288741933	169.003333496
491.0	3007.0	135.510778166	146.127893352
525.0	3216.0	112.178171671	116.405019207
561.0	3440.0	92.9762380296	99.2408341034
600.0	3679.0	80.7458021835	94.9403405995
642.0	3934.0	66.0565179595	80.525459181
686.0	4208.0	54.2646218378	65.8764962136
734.0	4500.0	47.2816767642	59.2875754964
