80.0	839.0	377181.828478	379274.014642
86.0	898.0	336170.195115	333113.219509
92.0	960.0	134851.587763	131844.209169
98.0	1027.0	29327.1733387	27992.5149304
105.0	1098.0	16886.4349877	17549.9089575
112.0	1174.0	12211.3265613	13024.9171194
120.0	1256.0	9196.03911585	9877.62786384
128.0	1343.0	7110.00209095	7743.77352538
137.0	1437.0	5847.25948633	5970.73144393
146.0	1536.0	4639.10187511	5052.61325869
157.0	1643.0	3811.76103954	4258.3035122
167.0	1757.0	3226.41106834	3576.55552769
179.0	1879.0	2652.27254157	2904.91367229
192.0	2010.0	2149.14036207	2345.52664687
205.0	2150.0	1794.13882067	1906.0276053
219.0	2299.0	1477.43820799	1656.26044721
234.0	2459.0	1217.84594658	1326.37821817
251.0	2629.0	1043.62217932	1070.63423177
268.0	2812.0	828.220819447	803.881892262
287.0	3007.0	705.233258819	676.348567602
307.0	3216.0	591.973656174	560.522458518
328.0	3440.0	501.437110282	490.515397834
351.0	3679.0	414.98099204	446.069960619
375.0	3934.0	346.852984672	364.375175265
401.0	4208.0	289.539169414	309.529519024
429.0	4500.0	245.827638074	246.116812827
