80.0	219.0	435662.6014	439108.820182
86.0	234.0	390348.778559	377320.00905
92.0	251.0	155296.021421	151682.810272
98.0	268.0	32396.250179	31623.7276767
105.0	287.0	18511.0871002	19092.5944136
112.0	307.0	12376.0101649	13843.3260783
120.0	328.0	9341.07871595	10180.2050777
128.0	351.0	7348.30194178	7774.47502025
137.0	375.0	5701.31094735	6145.72166815
146.0	401.0	4622.89678281	5097.97399
157.0	429.0	3736.64556582	4129.74222668
167.0	459.0	3040.92530025	3351.99003038
179.0	491.0	2439.74370637	2655.57784204
192.0	525.0	1956.11733887	2118.34941356
205.0	561.0	1589.1384824	1679.55587162
219.0	600.0	1277.42645517	1423.44800791
234.0	642.0	1051.3007585	1145.26002894
251.0	686.0	836.375869527	864.703631898
268.0	734.0	678.114875491	663.906877296
287.0	785.0	540.918448612	537.273949875
307.0	839.0	450.887287246	429.756914213
328.0	898.0	362.71270703	362.631228998
351.0	960.0	304.521748739	335.76890781
375.0	1027.0	239.721230065	246.656323654
401.0	1098.0	195.356880083	209.614822361
429.0	1174.0	161.602959892	163.797433797
459.0	1256.0	127.537468127	141.175816662
491.0	1343.0	106.324528171	123.672363694
525.0	1437.0	87.4410859146	94.1493327391
561.0	1536.0	69.4363974896	81.7615026726
600.0	1643.0	59.5493865702	77.009516911
642.0	1757.0	50.5122236562	64.9999839322
686.0	1879.0	40.3491963414	52.0681264519
734.0	2010.0	33.4029757812	46.7743934049
785.0	2150.0	28.7573916989	36.7765909387
839.0	2299.0	23.4573438812	31.4090138903
898.0	2459.0	19.5751005632	25.7794595604
960.0	2629.0	15.8334384396	18.6521525065
1027.0	2812.0	13.9957152247	16.0982283959
1098.0	3007.0	11.2812219008	9.61308928565
1174.0	3216.0	9.16068665399	8.34795742369
1256.0	3440.0	7.95611211057	7.19849818387
1343.0	3679.0	6.4257683195	4.18610584013
1437.0	3934.0	5.59531650802	3.3063244973
1536.0	4208.0	4.78857449939	3.00317825636
1643.0	4500.0	4.0642562342	2.92065307102
