80.0	1098.0	363555.14814	377294.302254
86.0	1174.0	331334.050445	313011.299481
92.0	1256.0	134455.189372	135639.72517
98.0	1343.0	28818.0849493	28520.6256553
105.0	1437.0	17440.5101976	17596.8786937
112.0	1536.0	11947.0024263	13145.5447136
120.0	1643.0	9134.79704794	10007.2751318
128.0	1757.0	7184.14720004	7480.97892438
137.0	1879.0	5910.11919116	6215.52747916
146.0	2010.0	4815.11866756	5264.19571433
157.0	2150.0	3977.64635963	4443.19908265
167.0	2299.0	3263.76273631	3590.41751877
179.0	2459.0	2657.69191944	2999.84286971
192.0	2629.0	2249.2567619	2500.74188959
205.0	2812.0	1892.29215209	2005.88449322
219.0	3007.0	1624.29260966	1744.66283917
234.0	3216.0	1307.04666126	1394.28286249
251.0	3440.0	1129.62942629	1113.37039694
268.0	3679.0	912.653695636	915.695569222
287.0	3934.0	786.560193131	757.451554129
307.0	4208.0	652.943474905	623.463898371
328.0	4500.0	539.072320629	554.719353933
