80.0	205.0	446007.620153	445189.928619
86.0	219.0	386809.521865	370648.330358
92.0	234.0	154125.495929	149507.46761
98.0	251.0	31638.4036849	31017.7622282
105.0	268.0	18441.0615552	18625.4420706
112.0	287.0	12101.0143792	13377.6989947
120.0	307.0	9199.88195574	10071.6556044
128.0	328.0	7342.07118374	7639.83947429
137.0	351.0	5591.57840928	6000.14269459
146.0	375.0	4610.91523966	5066.36981859
157.0	401.0	3782.19669145	4201.79529195
167.0	429.0	3043.28109593	3354.82655924
179.0	459.0	2424.85791389	2660.7290838
192.0	491.0	1938.61526923	2132.29800866
205.0	525.0	1598.73940848	1662.88233469
219.0	561.0	1294.50715792	1446.77780053
234.0	600.0	1036.03165453	1117.46545695
251.0	642.0	835.22806193	865.66125416
268.0	686.0	673.554367505	630.272726941
287.0	734.0	521.10169057	508.27832338
307.0	785.0	436.994520509	416.454923924
328.0	839.0	367.478759973	365.947386096
351.0	898.0	298.806598392	327.45916228
375.0	960.0	237.057320105	246.330567259
401.0	1027.0	195.456247183	201.455741916
429.0	1098.0	157.328924855	165.793752961
459.0	1174.0	128.687285722	142.628948179
491.0	1256.0	107.698247177	123.062465423
525.0	1343.0	87.0044647785	96.5147447756
561.0	1437.0	70.8051338787	82.8886506944
600.0	1536.0	59.410614626	78.5581856326
642.0	1643.0	48.9114151608	65.752909686
686.0	1757.0	40.1052271333	52.5369575445
734.0	1879.0	32.643901624	48.4921639069
785.0	2010.0	28.2538696388	36.6594334225
839.0	2150.0	23.4683138035	31.872853037
898.0	2299.0	19.40379862	26.2215398954
960.0	2459.0	16.0936681545	18.5228883043
1027.0	2629.0	13.9194312904	16.2453051779
1098.0	2812.0	11.3553769143	9.76662045284
1174.0	3007.0	9.52983884884	8.15039449899
1256.0	3216.0	7.9772315146	6.8286073929
1343.0	3440.0	6.50489294595	4.31666177243
1437.0	3679.0	5.61626007237	3.29527296587
1536.0	3934.0	4.97129949293	2.84007039306
1643.0	4208.0	4.06599066311	2.97215986996
1757.0	4500.0	3.56756359805	2.8977259788
