80.0	192.0	445337.707937	436505.793192
86.0	205.0	401704.95852	386209.036539
92.0	219.0	157502.339392	154980.616133
98.0	234.0	32091.0248724	31443.486664
105.0	251.0	18389.6547509	18696.3203534
112.0	268.0	12620.1374391	13477.5909728
120.0	287.0	9523.55831031	10231.2636813
128.0	307.0	7206.39520695	7715.9981321
137.0	328.0	5792.99094045	6019.31108747
146.0	351.0	4472.90613581	4933.31374937
157.0	375.0	3706.93320569	4114.59935699
167.0	401.0	3018.65565102	3277.78252368
179.0	429.0	2483.96788276	2699.484775
192.0	459.0	1959.06927321	2117.55337167
205.0	491.0	1578.88453146	1701.26089724
219.0	525.0	1253.18729471	1435.1596186
234.0	561.0	1016.2307481	1123.8428586
251.0	600.0	816.970291522	852.033577438
268.0	642.0	665.136885858	637.969799923
287.0	686.0	528.704691487	503.126270106
307.0	734.0	422.262866578	388.675840042
328.0	785.0	349.282422351	348.910704375
351.0	839.0	286.164278356	322.062972754
375.0	898.0	237.130842181	247.611893256
401.0	960.0	188.190989543	203.65693569
429.0	1027.0	155.662489244	158.228089657
459.0	1098.0	123.801822858	138.13355046
491.0	1174.0	100.68153329	118.724713197
525.0	1256.0	83.4218985759	91.9619961473
561.0	1343.0	69.3431184027	78.2011457816
600.0	1437.0	56.7579611468	75.0383618529
642.0	1536.0	46.4965178467	65.2209155964
686.0	1643.0	40.0146250846	53.2854246249
734.0	1757.0	32.3344679488	45.4773472165
785.0	1879.0	27.4135374512	36.593144743
839.0	2010.0	23.2593943406	32.1130046188
898.0	2150.0	18.8794828679	25.7916569595
960.0	2299.0	15.9278719933	18.6645386512
1027.0	2459.0	13.586916605	15.7355051418
1098.0	2629.0	11.0059645343	9.82356185855
1174.0	2812.0	9.23194322519	7.98926446144
1256.0	3007.0	7.82977108711	6.86496519584
1343.0	3216.0	6.47523255734	4.49104826943
1437.0	3440.0	5.6754988616	3.39398361202
1536.0	3679.0	4.91766516037	2.90518276793
1643.0	3934.0	4.03709434751	3.00263442556
1757.0	4208.0	3.60453583689	3.03661203597
1879.0	4500.0	2.89412103226	3.00447311788
