80.0	1174.0	358487.077557	364260.871731
86.0	1256.0	342834.353991	316875.189081
92.0	1343.0	135599.187802	131888.021511
98.0	1437.0	29552.6109978	28758.1598373
105.0	1536.0	16615.7683279	17879.9819545
112.0	1643.0	11964.2849039	12932.1763979
120.0	1757.0	8944.761224	9704.38534304
128.0	1879.0	7210.57211332	7695.71340346
137.0	2010.0	5955.59856059	6247.87226977
146.0	2150.0	4939.62121654	5529.42903719
157.0	2299.0	3906.73156783	4398.86992154
167.0	2459.0	3354.29195558	3743.96267768
179.0	2629.0	2749.07035838	3033.23018673
192.0	2812.0	2334.36303651	2508.34280871
205.0	3007.0	1951.94684024	2081.60872425
219.0	3216.0	1658.79844698	1800.21073275
234.0	3440.0	1364.79381463	1448.90062406
251.0	3679.0	1116.76567115	1171.05303608
268.0	3934.0	991.925659708	983.136228672
287.0	4208.0	791.726722977	783.001162635
307.0	4500.0	688.086934834	650.015774752
