80.0	401.0	412468.30625	399544.078487
86.0	429.0	348986.348126	341438.705738
92.0	459.0	144189.15179	139090.48469
98.0	491.0	31315.3962531	30595.1179572
105.0	525.0	17129.3644292	17998.9992934
112.0	561.0	12379.4881067	13269.2559845
120.0	600.0	9681.77467159	9838.48671269
128.0	642.0	7366.23991434	7809.7078886
137.0	686.0	5768.37297954	6045.17649121
146.0	734.0	4470.05392113	5147.67366341
157.0	785.0	3745.34123107	4135.65976881
167.0	839.0	3034.04942531	3359.46967926
179.0	898.0	2508.50871363	2777.6572251
192.0	960.0	2047.75157202	2202.28755533
205.0	1027.0	1621.31393379	1733.14743902
219.0	1098.0	1340.5744479	1554.08165986
234.0	1174.0	1137.20406427	1194.79362712
251.0	1256.0	885.167650629	970.725257066
268.0	1343.0	732.341093234	716.001781014
287.0	1437.0	594.767766478	593.126037261
307.0	1536.0	490.528063684	468.05259619
328.0	1643.0	403.167195124	405.857784422
351.0	1757.0	335.94101312	380.732072902
375.0	1879.0	272.593079704	284.073666337
401.0	2010.0	224.217300497	237.464548919
429.0	2150.0	188.312425354	194.122967122
459.0	2299.0	154.1506899	166.721733041
491.0	2459.0	125.262397068	141.36646176
525.0	2629.0	101.876196655	112.789499114
561.0	2812.0	87.7354045672	93.2192745817
600.0	3007.0	73.4800460678	86.625634466
642.0	3216.0	64.421019451	77.686454278
686.0	3440.0	50.8070794406	61.9330276744
734.0	3679.0	42.609528585	53.8871267175
785.0	3934.0	36.6421630517	44.0374263518
839.0	4208.0	31.0783898687	37.6933354665
898.0	4500.0	26.3792011588	31.2622616531
