80.0	600.0	385445.522997	387995.574017
86.0	642.0	343227.617841	330820.245291
92.0	686.0	137331.332667	139551.732351
98.0	734.0	30156.9308559	28970.5695766
105.0	785.0	16986.6125131	17762.7133269
112.0	839.0	11883.4031239	12810.2529659
120.0	898.0	9345.8271744	9708.24051892
128.0	960.0	7150.82386893	7611.42339068
137.0	1027.0	5841.28748488	6004.31237327
146.0	1098.0	4581.00826824	5209.33329957
157.0	1174.0	3844.30424094	4195.7506731
167.0	1256.0	2994.65178344	3343.0948404
179.0	1343.0	2535.06104126	2814.64449246
192.0	1437.0	2122.01370866	2291.94894524
205.0	1536.0	1723.44501361	1861.30809061
219.0	1643.0	1424.64417272	1562.12039545
234.0	1757.0	1185.03320455	1268.12753197
251.0	1879.0	949.209215055	999.683088059
268.0	2010.0	797.853027416	773.304595287
287.0	2150.0	647.886060306	632.61855456
307.0	2299.0	536.004327271	518.121638814
328.0	2459.0	449.481624967	459.43108903
351.0	2629.0	380.27149535	420.558018058
375.0	2812.0	320.077732452	331.607198114
401.0	3007.0	258.649575069	268.84251897
429.0	3216.0	210.71362974	223.967408374
459.0	3440.0	188.162038643	193.58799533
491.0	3679.0	147.04809681	162.360445696
525.0	3934.0	131.977421332	137.206811301
561.0	4208.0	103.447457134	112.086947682
600.0	4500.0	93.3029970233	102.565902635
