80.0	1343.0	358268.024091	368158.690051
86.0	1437.0	318592.895045	310968.438309
92.0	1536.0	135017.210077	134970.488373
98.0	1643.0	29490.2640101	28269.3215283
105.0	1757.0	16871.7391662	17589.4614414
112.0	1879.0	11923.3670561	12921.9881048
120.0	2010.0	9218.2472531	10059.9346941
128.0	2150.0	7494.36448967	7930.35781701
137.0	2299.0	6093.838606	6351.19093441
146.0	2459.0	4828.87650693	5471.02144435
157.0	2629.0	3999.61314031	4632.86873117
167.0	2812.0	3445.01988277	3744.26080081
179.0	3007.0	2810.57955616	3168.77272765
192.0	3216.0	2364.44185741	2628.30166805
205.0	3440.0	1945.70670883	2094.67129564
219.0	3679.0	1712.65333881	1830.92788846
234.0	3934.0	1430.4950677	1526.9558751
251.0	4208.0	1217.7075314	1297.38367839
268.0	4500.0	1012.04416266	984.553008667
