80.0	898.0	377213.822675	380994.945029
86.0	960.0	332856.839	331199.253259
92.0	1027.0	133540.025865	135045.107371
98.0	1098.0	29271.8510989	27533.3394631
105.0	1174.0	17279.2830885	17369.4492483
112.0	1256.0	12106.4237194	12980.5868439
120.0	1343.0	8965.90209586	9804.08242076
128.0	1437.0	7068.38593702	7740.94627986
137.0	1536.0	5628.89963806	6116.17956238
146.0	1643.0	4611.15380992	5236.41180892
157.0	1757.0	3873.76684018	4414.18605867
167.0	1879.0	3238.22554948	3642.56306448
179.0	2010.0	2566.03685897	2853.38887439
192.0	2150.0	2156.21974314	2366.55082281
205.0	2299.0	1816.23534737	1914.49984793
219.0	2459.0	1521.25777165	1719.06669702
234.0	2629.0	1268.95645176	1367.55419734
251.0	2812.0	1040.81316783	1095.00479086
268.0	3007.0	873.286342196	888.273854233
287.0	3216.0	741.72720629	724.036675292
307.0	3440.0	608.044256139	587.017435255
328.0	3679.0	510.456521376	524.501946001
351.0	3934.0	437.086662637	477.726608752
375.0	4208.0	378.531981297	386.708293445
401.0	4500.0	314.333529132	328.504287307
