80.0	785.0	365849.485803	382156.625318
86.0	839.0	339083.94343	326582.025162
92.0	898.0	136404.864404	135060.273853
98.0	960.0	29127.7427541	28018.2715776
105.0	1027.0	17055.1049267	17148.5082334
112.0	1098.0	11876.2083506	12763.7928466
120.0	1174.0	9447.88566599	9911.43828131
128.0	1256.0	7092.63232217	7708.98813058
137.0	1343.0	5894.99107193	5975.75652892
146.0	1437.0	4591.65315121	5167.98424122
157.0	1536.0	3864.25245668	4351.85518289
167.0	1643.0	3175.25383254	3512.34782431
179.0	1757.0	2666.36329906	2854.04793571
192.0	1879.0	2147.99087845	2394.25391434
205.0	2010.0	1801.85547392	1935.49717172
219.0	2150.0	1468.92670842	1661.54281415
234.0	2299.0	1241.70100887	1332.29447356
251.0	2459.0	1027.14292601	1073.83203323
268.0	2629.0	832.771936899	836.842989414
287.0	2812.0	694.21569223	695.670051301
307.0	3007.0	599.158585621	575.825649841
328.0	3216.0	497.627168931	503.993389108
351.0	3440.0	413.707455755	448.961415488
375.0	3679.0	342.058298916	351.759993235
401.0	3934.0	294.072499022	304.980468822
429.0	4208.0	238.464815741	251.940733837
459.0	4500.0	222.439560522	225.265863157
