80.0	179.0	438469.531724	441639.891182
86.0	192.0	393025.055826	374913.485905
92.0	205.0	162012.231137	156952.802151
98.0	219.0	32480.8958641	30374.635806
105.0	234.0	18329.2622403	18322.1193764
112.0	251.0	12337.4245603	13198.7173578
120.0	268.0	9231.55978413	9961.71232927
128.0	287.0	7021.08576308	7582.97609456
137.0	307.0	5769.71880396	5950.35576098
146.0	328.0	4509.23415472	4981.53440919
157.0	351.0	3690.31228974	4012.07128281
167.0	375.0	2911.62702424	3271.07962561
179.0	401.0	2416.26128147	2647.53024798
192.0	429.0	1873.61980483	2138.74649162
205.0	459.0	1488.57747283	1629.79337135
219.0	491.0	1227.32751234	1371.87684544
234.0	525.0	1009.02656778	1092.9228453
251.0	561.0	825.516039231	857.075363629
268.0	600.0	654.596587664	647.438377257
287.0	642.0	530.468242908	501.23913669
307.0	686.0	420.5798423	394.474745595
328.0	734.0	349.968773787	343.067572151
351.0	785.0	287.407806174	315.210048652
375.0	839.0	238.518828712	234.38459559
401.0	898.0	187.795750652	194.218729227
429.0	960.0	151.386332514	156.628568273
459.0	1027.0	124.840108833	134.001332934
491.0	1098.0	101.909429934	119.607934586
525.0	1174.0	82.4967946644	90.0099711703
561.0	1256.0	67.275480107	77.0680214729
600.0	1343.0	57.6148620746	75.8764400117
642.0	1437.0	46.5682260216	65.959252276
686.0	1536.0	38.7531275779	54.0958137813
734.0	1643.0	33.0526205017	46.9883631443
785.0	1757.0	26.6170847788	35.8246369394
839.0	1879.0	22.7457207853	31.5192223757
898.0	2010.0	19.0815935816	25.4326439707
960.0	2150.0	16.3116668253	18.6050371253
1027.0	2299.0	13.4717947197	15.7742877052
1098.0	2459.0	11.2131911963	9.92890265244
1174.0	2629.0	9.0833906314	8.08548291039
1256.0	2812.0	7.91969163367	6.6856577511
1343.0	3007.0	6.42133371226	4.17734427411
1437.0	3216.0	5.44493401328	3.23628309074
1536.0	3440.0	4.77150593761	2.89776182194
1643.0	3679.0	3.98549125072	2.88152702357
1757.0	3934.0	3.58124319825	3.0642284412
1879.0	4208.0	2.94227466588	3.02350769637
2010.0	4500.0	2.92512209148	2.97975629455
