80.0	86.0	41311.7554812	57146.2954028
86.0	92.0	240484.159958	227856.876741
92.0	98.0	128668.014473	126160.79379
98.0	105.0	15159.1124062	13264.8248432
105.0	112.0	6126.17446071	5612.67761152
112.0	120.0	3699.95048262	3611.08906675
120.0	128.0	2412.26108475	2592.66140013
128.0	137.0	1738.76680188	1865.39989338
137.0	146.0	1302.70360602	1156.92959814
146.0	157.0	1035.80021919	1088.59489269
157.0	167.0	810.415951502	945.629154982
167.0	179.0	654.513289493	731.399635468
179.0	192.0	513.635976043	593.026072134
192.0	205.0	443.4746108	532.09298521
205.0	219.0	340.54118453	307.968320257
219.0	234.0	282.397582666	372.186712945
234.0	251.0	236.407896493	302.640453556
251.0	268.0	199.798446162	259.281675651
268.0	287.0	162.065530702	161.137806668
287.0	307.0	130.575915247	139.74410378
307.0	328.0	107.45398577	84.2100253768
328.0	351.0	92.4423558057	63.5197444775
351.0	375.0	81.3605600417	105.489209609
375.0	401.0	65.1721371855	67.286098789
401.0	429.0	56.4166947831	61.2791882277
429.0	459.0	48.1199635692	43.8384450282
459.0	491.0	39.3007166963	36.2184579105
491.0	525.0	34.7068598431	43.4977269742
525.0	561.0	30.0978923233	29.8175332561
561.0	600.0	25.1778918489	18.9202904472
600.0	642.0	22.4499229452	22.9988551146
642.0	686.0	19.1607542092	24.2837545616
686.0	734.0	16.9879290107	15.6396306239
734.0	785.0	14.4464232011	19.5560912168
785.0	839.0	12.9224919194	12.7906388616
839.0	898.0	11.1473357872	13.325225222
898.0	960.0	9.76552921166	13.6698295484
960.0	1027.0	8.38621169765	8.40503692923
1027.0	1098.0	7.27066048481	12.7683859491
1098.0	1174.0	6.39055184621	6.18892059431
1174.0	1256.0	5.88933184413	5.57364131031
1256.0	1343.0	5.12289228199	6.99617237791
1343.0	1437.0	4.55662074824	4.27173654773
1437.0	1536.0	3.8637864417	3.55112775167
1536.0	1643.0	3.46572972201	2.94920072391
1643.0	1757.0	2.90609607504	2.9186332378
1757.0	1879.0	2.91626926464	2.92112381755
1879.0	2010.0	2.94646322991	2.92875986175
2010.0	2150.0	2.93369432601	2.95341736522
2150.0	2299.0	2.93821753696	2.94232982214
2299.0	2459.0	2.91910917314	2.94882538
2459.0	2629.0	2.94852741551	2.94607656581
2629.0	2812.0	2.93439936335	2.94892080224
2812.0	3007.0	2.9545689828	2.93461229458
3007.0	3216.0	2.95479291239	2.95812155897
3216.0	3440.0	2.93656485997	2.92916332925
3440.0	3679.0	2.94624338383	2.92853582073
3679.0	3934.0	2.94469850988	2.94244163861
3934.0	4208.0	2.9450174373	2.9520931854
4208.0	4500.0	2.94079703659	2.96099450215
