80.0	251.0	433801.965041	427512.627206
86.0	268.0	381317.625337	374765.445766
92.0	287.0	154051.116199	150838.06693
98.0	307.0	32548.9710868	31606.6807537
105.0	328.0	18270.6815704	18571.3489813
112.0	351.0	12979.6068892	13239.7944969
120.0	375.0	9504.91600584	10127.125891
128.0	401.0	7218.48099749	7722.8533348
137.0	429.0	5778.67270555	6213.21845733
146.0	459.0	4645.16040337	5139.93940489
157.0	491.0	3687.56216966	4247.18118502
167.0	525.0	3015.16451175	3326.08053398
179.0	561.0	2442.7690076	2652.94243997
192.0	600.0	1958.37414235	2160.47642779
205.0	642.0	1601.89526562	1736.85855452
219.0	686.0	1292.41890571	1465.67237812
234.0	734.0	1058.14651332	1138.73589168
251.0	785.0	858.270883218	875.133090554
268.0	839.0	676.499380206	640.342435288
287.0	898.0	548.716287469	548.091383545
307.0	960.0	447.843921875	437.548505532
328.0	1027.0	366.805042147	371.974662279
351.0	1098.0	308.70701032	337.032933299
375.0	1174.0	245.102244745	254.033393687
401.0	1256.0	201.728519789	212.150948769
429.0	1343.0	163.794161164	172.906281618
459.0	1437.0	131.583264068	144.976741705
491.0	1536.0	106.798440823	125.737747029
525.0	1643.0	89.8504227163	95.4158271248
561.0	1757.0	72.3499730989	81.0167927986
600.0	1879.0	61.250467791	79.098548681
642.0	2010.0	51.0154070623	67.3497247669
686.0	2150.0	41.2783474644	52.5529592504
734.0	2299.0	35.035341873	47.5257033252
785.0	2459.0	29.0940400293	36.654029495
839.0	2629.0	24.838670419	32.9855266778
898.0	2812.0	20.2839439407	26.4258654294
960.0	3007.0	17.0188462371	19.4754304347
1027.0	3216.0	13.9472089463	16.9762414726
1098.0	3440.0	11.5343344027	10.2506683643
1174.0	3679.0	9.40848795471	8.43782859843
1256.0	3934.0	8.19340902221	7.15285437349
1343.0	4208.0	6.63589621477	4.23889028746
1437.0	4500.0	5.35756636731	3.29222357694
