80.0	112.0	429164.118247	434001.634375
86.0	120.0	391419.948415	383985.898515
92.0	128.0	155083.865793	154148.516036
98.0	137.0	28762.58608	26535.796893
105.0	146.0	14895.6416959	15489.33083
112.0	157.0	10196.8233466	10383.6760169
120.0	167.0	7211.70860759	7575.299802
128.0	179.0	5353.41764718	5713.03467254
137.0	192.0	4184.15673904	4387.75219292
146.0	205.0	3291.13969426	3807.36670486
157.0	219.0	2683.45341935	2916.27678402
167.0	234.0	2159.09530868	2413.77652915
179.0	251.0	1773.13142559	2005.1238025
192.0	268.0	1434.83323652	1662.44603743
205.0	287.0	1149.75992779	1315.72632883
219.0	307.0	910.897190656	1129.21242083
234.0	328.0	763.471178632	825.983371382
251.0	351.0	596.15027625	604.060957003
268.0	375.0	476.69641085	473.573228305
287.0	401.0	395.613295331	379.974776252
307.0	429.0	320.625176763	296.544208512
328.0	459.0	264.732952808	252.867208229
351.0	491.0	215.886456195	233.158861213
375.0	525.0	174.943090021	177.68929912
401.0	561.0	142.841829414	144.615508258
429.0	600.0	114.435260776	107.877692648
459.0	642.0	94.1504602457	92.2788803341
491.0	686.0	79.1749718808	82.8693947934
525.0	734.0	63.2168110104	60.8628010654
561.0	785.0	53.7852790706	52.8768327823
600.0	839.0	44.4432421245	52.1293578369
642.0	898.0	37.9535325806	47.8287815765
686.0	960.0	31.4594662565	42.1355385332
734.0	1027.0	26.8496395336	37.2077341791
785.0	1098.0	22.8379348614	33.3023034167
839.0	1174.0	18.997792674	29.3872308106
898.0	1256.0	16.1725747358	24.2557014701
960.0	1343.0	13.6821911187	19.5973144545
1027.0	1437.0	11.8872096653	17.9643069016
1098.0	1536.0	9.93337883144	10.5424354737
1174.0	1643.0	8.38000880866	8.46290873678
1256.0	1757.0	7.60063757389	7.05307482095
1343.0	1879.0	6.26217289948	4.34493905272
1437.0	2010.0	5.40220267758	3.27122356849
1536.0	2150.0	4.67528466311	3.05769554363
1643.0	2299.0	3.82113623174	3.06780809495
1757.0	2459.0	3.63166066259	3.02961105702
1879.0	2629.0	2.94029238109	2.95570658424
2010.0	2812.0	2.92074689702	2.94677495295
2150.0	3007.0	2.93971170752	2.93786920416
2299.0	3216.0	2.93721994834	2.95211082828
2459.0	3440.0	2.92108273035	2.93378933857
2629.0	3679.0	2.91634559685	2.94578635356
2812.0	3934.0	2.94368162497	2.93650774692
3007.0	4208.0	2.94954105434	2.92358836327
3216.0	4500.0	2.93389686085	2.94872598104
