80.0	351.0	408403.941226	409359.744918
86.0	375.0	355076.840627	343744.207864
92.0	401.0	147906.79847	144920.654553
98.0	429.0	31115.1258709	29328.8123098
105.0	459.0	17344.385273	18202.7589487
112.0	491.0	12227.8823653	13280.8834541
120.0	525.0	9261.85868063	10069.7814972
128.0	561.0	7228.77102049	7682.35290047
137.0	600.0	5759.56605964	6151.96806923
146.0	642.0	4668.02454821	5105.95258289
157.0	686.0	3783.16727122	4179.90908599
167.0	734.0	3041.84525954	3392.22690848
179.0	785.0	2455.741343	2729.74398911
192.0	839.0	1963.47609533	2196.23619351
205.0	898.0	1655.31312854	1755.66022896
219.0	960.0	1309.00924932	1482.16228667
234.0	1027.0	1072.39327687	1154.65649099
251.0	1098.0	887.435356784	932.727556117
268.0	1174.0	730.982786584	719.949328323
287.0	1256.0	573.032777092	591.345360081
307.0	1343.0	469.04380833	466.313778221
328.0	1437.0	392.713447176	393.551419874
351.0	1536.0	323.791565843	363.548167524
375.0	1643.0	270.739586173	274.995297626
401.0	1757.0	216.29874221	231.322991441
429.0	1879.0	178.227130345	182.924832054
459.0	2010.0	146.361871245	158.132711717
491.0	2150.0	122.042273257	138.977191565
525.0	2299.0	99.1241903881	107.155761079
561.0	2459.0	81.2782609982	87.8175430021
600.0	2629.0	68.2996310371	86.0854163641
642.0	2812.0	57.8421732175	72.2874753823
686.0	3007.0	48.7204897741	59.6476071111
734.0	3216.0	40.7706911582	51.7283577712
785.0	3440.0	33.9075792852	40.8243661687
839.0	3679.0	28.2346031447	36.4287171351
898.0	3934.0	23.9723401468	29.8642071632
960.0	4208.0	19.6529821091	21.9034792886
1027.0	4500.0	16.9304401643	18.9399101987
