80.0	642.0	386857.347862	382878.848913
86.0	686.0	340886.81695	333398.523769
92.0	734.0	140075.517845	135578.130707
98.0	785.0	30223.3454221	29033.4594194
105.0	839.0	16922.9158896	17788.4983294
112.0	898.0	11704.455334	12851.5159595
120.0	960.0	9108.15413634	9868.82243514
128.0	1027.0	7079.55665797	7630.40098385
137.0	1098.0	5726.28760179	6075.38068692
146.0	1174.0	4652.47879648	5181.16868324
157.0	1256.0	3846.82442087	4185.12907586
167.0	1343.0	3048.17622401	3388.84747791
179.0	1437.0	2559.66765234	2833.34918146
192.0	1536.0	2093.39323206	2325.96920008
205.0	1643.0	1692.11439088	1885.53341805
219.0	1757.0	1419.7569591	1562.14165165
234.0	1879.0	1145.89686195	1281.05016885
251.0	2010.0	950.370696603	987.45726902
268.0	2150.0	780.630310572	770.782957543
287.0	2299.0	662.262647589	639.47012601
307.0	2459.0	531.19855071	525.475679403
328.0	2629.0	445.888172302	452.97115431
351.0	2812.0	392.184001345	411.681359086
375.0	3007.0	315.486751467	327.224009895
401.0	3216.0	254.100407821	268.439464251
429.0	3440.0	214.410241266	219.521126671
459.0	3679.0	180.789962253	192.790692912
491.0	3934.0	152.525439928	166.589620284
525.0	4208.0	129.527287281	141.026742443
561.0	4500.0	106.339318447	110.860443222
