80.0	137.0	447148.489809	435937.428023
86.0	146.0	396562.18498	384361.531271
92.0	157.0	159163.517773	158640.768314
98.0	167.0	32001.7322758	29641.7756007
105.0	179.0	17427.7759362	17290.6834154
112.0	192.0	11439.2837261	12167.5555712
120.0	205.0	8553.79188396	9074.83055261
128.0	219.0	6500.44782276	6771.80169383
137.0	234.0	5113.67051247	5385.35169667
146.0	251.0	4044.51794983	4622.10870624
157.0	268.0	3290.35708778	3764.57173645
167.0	287.0	2654.84545466	2999.27535454
179.0	307.0	2166.59829958	2459.11964217
192.0	328.0	1689.91800862	1914.91643977
205.0	351.0	1367.57753229	1490.92754863
219.0	375.0	1144.0126638	1275.40226432
234.0	401.0	880.089367728	991.092143098
251.0	429.0	723.721427525	763.680806256
268.0	459.0	588.871156687	569.008581158
287.0	491.0	477.02274585	469.716748321
307.0	525.0	387.203164469	369.195108012
328.0	561.0	313.536178647	313.722344498
351.0	600.0	257.662433586	277.559364193
375.0	642.0	206.544923521	206.149411335
401.0	686.0	167.596746099	172.01651172
429.0	734.0	140.304497568	135.286703716
459.0	785.0	109.261867245	118.548664667
491.0	839.0	94.2616168185	100.389398963
525.0	898.0	76.0090603816	79.0582258699
561.0	960.0	61.1462631423	68.4562014431
600.0	1027.0	52.6072710779	65.8643388193
642.0	1098.0	44.0370494622	61.5365077463
686.0	1174.0	35.7627932906	49.1438393869
734.0	1256.0	30.6554657342	44.7544823492
785.0	1343.0	25.3318971199	37.2841869007
839.0	1437.0	21.2617788383	32.6714161298
898.0	1536.0	17.8749876399	26.843476158
960.0	1643.0	15.3122851985	19.0809058068
1027.0	1757.0	12.9359472482	16.2367234923
1098.0	1879.0	10.9845967399	9.75838588282
1174.0	2010.0	8.81506537742	8.03769767021
1256.0	2150.0	7.45025693069	6.88422282737
1343.0	2299.0	6.35770246977	4.26461222963
1437.0	2459.0	5.5641478711	3.19516458398
1536.0	2629.0	4.85022140469	2.9265667483
1643.0	2812.0	3.91036827293	3.01731843691
1757.0	3007.0	3.71097755165	3.02278435181
1879.0	3216.0	2.89890435504	2.97436345291
2010.0	3440.0	2.93622040704	2.98946048019
2150.0	3679.0	2.93230306067	2.92947361919
2299.0	3934.0	2.91928040798	2.942822883
2459.0	4208.0	2.89606832938	2.92192621601
2629.0	4500.0	2.92555636821	2.94233227971
