80.0	287.0	415482.772668	415748.258337
86.0	307.0	371179.313709	361050.648481
92.0	328.0	150820.070775	148413.551212
98.0	351.0	31392.2285534	29826.7914745
105.0	375.0	18085.5101655	18280.5809427
112.0	401.0	12837.5995102	13435.3137452
120.0	429.0	9564.89450815	10177.6914179
128.0	459.0	7280.515844	7788.92902867
137.0	491.0	5928.51673071	6304.71132793
146.0	525.0	4758.77671355	5168.38972899
157.0	561.0	3734.30187418	4285.22943387
167.0	600.0	3012.53969695	3341.95365592
179.0	642.0	2388.20432635	2725.9759848
192.0	686.0	1984.5700595	2184.49670955
205.0	734.0	1602.85211081	1719.47619204
219.0	785.0	1326.58726978	1448.71784896
234.0	839.0	1031.00495257	1146.77967218
251.0	898.0	832.724245775	883.269590415
268.0	960.0	699.110065886	708.39728967
287.0	1027.0	569.116273577	557.260690867
307.0	1098.0	463.727760779	449.991004458
328.0	1174.0	375.834379288	386.966082529
351.0	1256.0	313.193220118	345.40965187
375.0	1343.0	255.471454318	259.955980641
401.0	1437.0	205.575270229	221.212716772
429.0	1536.0	166.536293183	174.332281941
459.0	1643.0	137.871841339	150.325709459
491.0	1757.0	112.463344294	125.53088128
525.0	1879.0	92.0508226992	99.2057904404
561.0	2010.0	77.414189402	82.9477936637
600.0	2150.0	62.9895640773	79.3756823397
642.0	2299.0	52.2564757307	69.6633321521
686.0	2459.0	42.8929130664	55.5833674631
734.0	2629.0	35.670221239	48.2966543548
785.0	2812.0	31.2708564992	38.8567660061
839.0	3007.0	25.440198135	32.6798431654
898.0	3216.0	20.8276425925	26.9264984652
960.0	3440.0	18.1183951344	19.7790824188
1027.0	3679.0	14.4962652703	17.1434180488
1098.0	3934.0	11.9679915382	10.3663951487
1174.0	4208.0	10.0205131051	8.67974497215
1256.0	4500.0	8.27920875851	7.45407720816
