80.0	146.0	451948.863146	439558.669137
86.0	157.0	398679.27863	375472.154138
92.0	167.0	158937.225591	153555.166553
98.0	179.0	32547.694101	31156.2321266
105.0	192.0	17626.8105974	18094.8329207
112.0	205.0	12110.5790946	12675.2027437
120.0	219.0	8911.65715075	9341.90221032
128.0	234.0	6776.96087349	6960.00042062
137.0	251.0	5465.64113427	5625.51648085
146.0	268.0	4229.49186728	4783.0730718
157.0	287.0	3327.86001969	3922.4762024
167.0	307.0	2727.82916277	3158.96019261
179.0	328.0	2268.44167092	2466.16521639
192.0	351.0	1776.89276997	1976.38978003
205.0	375.0	1453.41037017	1573.58332583
219.0	401.0	1180.09136595	1298.23926883
234.0	429.0	917.84822706	1007.80616289
251.0	459.0	752.753264847	798.849798602
268.0	491.0	593.282852964	579.736415106
287.0	525.0	491.521208067	481.202762622
307.0	561.0	401.574602091	376.300455602
328.0	600.0	326.278457923	315.918284425
351.0	642.0	261.939834012	281.788508481
375.0	686.0	209.359445871	212.691058371
401.0	734.0	176.55185988	176.229970741
429.0	785.0	143.754112369	142.530361294
459.0	839.0	115.593385338	119.045952468
491.0	898.0	94.3347218428	104.969087599
525.0	960.0	76.2176710661	82.3279989394
561.0	1027.0	64.1150833776	69.2460769471
600.0	1098.0	54.5717140073	70.6003738893
642.0	1174.0	45.4104069892	61.291700398
686.0	1256.0	36.9516498266	51.2986509337
734.0	1343.0	31.0634542474	47.708260247
785.0	1437.0	25.5625670426	37.1684976345
839.0	1536.0	21.1323092735	32.7231794098
898.0	1643.0	17.8603306323	26.146105079
960.0	1757.0	14.7914735762	18.7191408051
1027.0	1879.0	12.6389784641	16.0334127773
1098.0	2010.0	10.4699983173	9.3804519197
1174.0	2150.0	8.85166314592	7.68610560044
1256.0	2299.0	7.70962612787	6.75536936148
1343.0	2459.0	6.58949007943	4.24954068848
1437.0	2629.0	5.67763615466	3.286509627
1536.0	2812.0	4.81716960949	2.89228919971
1643.0	3007.0	3.94805606963	2.9750682499
1757.0	3216.0	3.72973631382	2.92947220224
1879.0	3440.0	2.95528340758	2.971197871
2010.0	3679.0	2.92688801294	2.94652712683
2150.0	3934.0	2.88047779135	2.94039565657
2299.0	4208.0	2.94180750652	2.94738639489
2459.0	4500.0	2.91059512072	2.95611511254
