80.0	192.0	595428.751543	631538.370544
86.0	205.0	549185.646466	563125.077827
92.0	219.0	252282.09811	253666.015649
98.0	234.0	40191.6217356	41385.3216674
105.0	251.0	19932.3799841	19311.2721418
112.0	268.0	12736.1113055	12946.0267237
120.0	287.0	9116.72881119	8969.66584748
128.0	307.0	6754.25410908	6572.48975306
137.0	328.0	5193.09924778	5041.71130361
146.0	351.0	4128.11598238	4061.9582452
157.0	375.0	3227.78521179	3166.21934491
167.0	401.0	2579.00242001	2367.12596767
179.0	429.0	2024.01638431	1855.77485375
192.0	459.0	1623.08411871	1452.97340027
205.0	491.0	1294.54654087	1152.88734747
219.0	525.0	997.340822678	912.925030041
234.0	561.0	796.814989437	749.308867554
251.0	600.0	630.175261521	537.340592573
268.0	642.0	511.512682757	444.291237477
287.0	686.0	408.217555824	367.675290076
307.0	734.0	313.725433743	272.530031827
328.0	785.0	262.825454614	224.335336257
351.0	839.0	208.937004861	184.940962941
375.0	898.0	166.301676432	140.95995925
401.0	960.0	130.786866277	99.3719964255
429.0	1027.0	111.364560657	91.057158639
459.0	1098.0	92.8786510482	74.5799278833
491.0	1174.0	76.3321667311	51.8750692432
525.0	1256.0	63.2914838213	47.3834356085
561.0	1343.0	50.6972174415	40.8171444629
600.0	1437.0	40.8460754766	29.9557616345
642.0	1536.0	34.1202541191	24.6497038943
686.0	1643.0	27.6548093228	16.279542737
734.0	1757.0	23.3153398758	14.1390144289
785.0	1879.0	19.6435326817	15.4450336688
839.0	2010.0	16.7137325642	11.8044966797
898.0	2150.0	14.47418878	10.1820385402
960.0	2299.0	12.2357860588	10.9446796473
1027.0	2459.0	10.001522861	7.71110773633
1098.0	2629.0	8.88331761431	7.09334376014
1174.0	2812.0	7.60323883456	6.83356588674
1256.0	3007.0	6.82131504513	7.27001649847
1343.0	3216.0	5.79116386306	5.44379637733
1437.0	3440.0	5.16571282567	5.06873534584
1536.0	3679.0	4.34730642062	4.35156809414
1643.0	3934.0	3.68669916866	4.58611027706
1757.0	4208.0	3.56751718356	4.72391889224
1879.0	4500.0	2.91809638157	2.98016475013
