80.0	561.0	538784.0531	539741.281063
86.0	600.0	488310.468529	485528.403108
92.0	642.0	220943.538666	214429.940973
98.0	686.0	36950.9353594	36894.5288363
105.0	734.0	17731.0481888	18616.2450566
112.0	785.0	11895.2942738	11906.9896394
120.0	839.0	8513.39158402	8565.72888552
128.0	898.0	6497.13851668	6094.73829781
137.0	960.0	5047.59485679	4880.68349348
146.0	1027.0	3871.69036008	3772.00762166
157.0	1098.0	3188.45921019	3013.05507367
167.0	1174.0	2460.42069253	2249.73851595
179.0	1256.0	2007.41603428	1804.23402315
192.0	1343.0	1639.57578397	1440.01511497
205.0	1437.0	1284.64611862	1126.17491188
219.0	1536.0	1034.81990692	900.755699435
234.0	1643.0	875.902945502	812.60329202
251.0	1757.0	725.029038462	628.245736097
268.0	1879.0	616.176689351	517.194331019
287.0	2010.0	489.97434012	462.122830872
307.0	2150.0	401.129866963	346.34606313
328.0	2299.0	336.168000224	294.717940266
351.0	2459.0	264.526868625	236.799520802
375.0	2629.0	209.478067163	184.459373497
401.0	2812.0	166.97077588	133.576395765
429.0	3007.0	138.738914704	114.051443071
459.0	3216.0	110.793404226	91.0120129516
491.0	3440.0	90.0666733049	66.0388902556
525.0	3679.0	75.5372132112	59.8118952028
561.0	3934.0	60.7268006387	49.4111193756
600.0	4208.0	48.9302029032	38.3126334412
642.0	4500.0	39.9258836642	31.1612433439
