80.0	1643.0	486691.665513	495547.465641
86.0	1757.0	442724.437089	447256.496103
92.0	1879.0	207010.493484	205537.981662
98.0	2010.0	33010.7512507	34690.6124384
105.0	2150.0	16760.3134418	17009.4055169
112.0	2299.0	11327.0943423	11643.9079383
120.0	2459.0	8380.01899298	8058.59896611
128.0	2629.0	6451.99782686	6215.78251574
137.0	2812.0	5328.06751592	5202.82800035
146.0	3007.0	4443.44149511	4260.52393322
157.0	3216.0	3697.22547417	3395.57146274
167.0	3440.0	2972.02634395	2855.79727834
179.0	3679.0	2513.85209889	2330.42100199
192.0	3934.0	1993.25528134	1841.02492066
205.0	4208.0	1629.40382928	1496.41864071
219.0	4500.0	1355.328872	1288.14943872
