80.0	307.0	581489.973628	581540.266561
86.0	328.0	534220.609323	534419.291817
92.0	351.0	232522.786733	229947.273497
98.0	375.0	38543.0992166	39514.8277022
105.0	401.0	19145.0036829	19222.0697987
112.0	429.0	12357.7909991	12173.383677
120.0	459.0	8966.5709095	8887.73302477
128.0	491.0	6613.17731848	6572.75962251
137.0	525.0	5232.4456699	4970.1812893
146.0	561.0	4000.49256868	3989.77437472
157.0	600.0	3264.47671803	3052.08989046
167.0	642.0	2597.86640756	2332.41395563
179.0	686.0	2069.82569083	1888.42764159
192.0	734.0	1577.34449331	1377.70492781
205.0	785.0	1287.53109536	1155.26071379
219.0	839.0	1001.32352044	882.488565934
234.0	898.0	803.177682362	748.937065998
251.0	960.0	662.310902723	560.250425769
268.0	1027.0	515.546123435	433.851096877
287.0	1098.0	422.023478401	390.062308937
307.0	1174.0	360.851455538	293.657742903
328.0	1256.0	294.00431181	248.016077222
351.0	1343.0	237.325066804	210.146317331
375.0	1437.0	192.928740012	167.479309114
401.0	1536.0	153.790004046	118.01161548
429.0	1643.0	130.036491175	102.289044374
459.0	1757.0	101.040371177	82.2138630197
491.0	1879.0	82.683563037	57.8222399766
525.0	2010.0	67.6356243043	52.1452838173
561.0	2150.0	54.1630486553	43.9792486267
600.0	2299.0	44.0915352721	33.0723384736
642.0	2459.0	35.9892350878	26.7570813255
686.0	2629.0	30.1383934119	18.1627020007
734.0	2812.0	24.2720512458	15.7497424076
785.0	3007.0	21.2048385884	16.2604579488
839.0	3216.0	18.0313304712	12.4991777537
898.0	3440.0	14.6369471386	10.4591959412
960.0	3679.0	12.5183478588	11.1183752754
1027.0	3934.0	10.4377641686	8.42696882287
1098.0	4208.0	9.0669398781	7.90815919516
1174.0	4500.0	7.82997105165	7.0736207564
