80.0	960.0	504054.936878	518158.365074
86.0	1027.0	480479.117026	480666.797531
92.0	1098.0	204225.025194	207494.778423
98.0	1174.0	34332.0522264	35932.8275441
105.0	1256.0	17111.1307778	18225.8802483
112.0	1343.0	11236.0814941	10850.5028265
120.0	1437.0	8404.45724883	8243.7670232
128.0	1536.0	6128.53837775	5936.74320035
137.0	1643.0	4915.85138085	4800.52171681
146.0	1757.0	4082.85954145	3933.61586598
157.0	1879.0	3112.50541248	2934.63867425
167.0	2010.0	2624.80783423	2305.86816221
179.0	2150.0	2129.96141607	1995.39551611
192.0	2299.0	1754.19016793	1545.80128186
205.0	2459.0	1495.93146473	1330.80772133
219.0	2629.0	1260.2502557	1125.84298929
234.0	2812.0	1006.34963225	955.89023064
251.0	3007.0	832.252818493	719.097264631
268.0	3216.0	669.372378741	576.47009668
287.0	3440.0	555.790327876	509.630477278
307.0	3679.0	458.224225564	387.625006632
328.0	3934.0	366.625660631	326.399683761
351.0	4208.0	301.928665592	261.332486574
375.0	4500.0	238.415127517	210.7597012
