80.0	1879.0	484861.42857	494513.962212
86.0	2010.0	449642.638382	458242.674234
92.0	2150.0	203960.887138	200638.961663
98.0	2299.0	33358.1311746	35010.1314682
105.0	2459.0	17664.8685598	17825.0258888
112.0	2629.0	11520.9705189	11245.8899052
120.0	2812.0	8549.60296038	8424.84807833
128.0	3007.0	6851.02765409	6643.01218142
137.0	3216.0	5397.69895758	5360.24882667
146.0	3440.0	4521.84043876	4453.85085316
157.0	3679.0	3789.39379505	3545.01220636
167.0	3934.0	3164.75611	2902.60317274
179.0	4208.0	2518.79788777	2475.02151362
192.0	4500.0	2064.93924109	1856.75916588
