80.0	1536.0	497229.365128	504075.137631
86.0	1643.0	442850.661391	450100.641147
92.0	1757.0	205428.442638	207512.781659
98.0	1879.0	32867.8801758	35101.805241
105.0	2010.0	17053.111025	16613.662047
112.0	2150.0	11495.3492962	11118.2541244
120.0	2299.0	8301.81081312	7839.98495901
128.0	2459.0	6438.86017868	6196.23109995
137.0	2629.0	5300.8739277	5135.29062498
146.0	2812.0	4426.91425681	4245.95108148
157.0	3007.0	3725.06169521	3437.26078216
167.0	3216.0	2963.57508427	2763.76122873
179.0	3440.0	2503.45993352	2381.5147995
192.0	3679.0	2056.52528896	1831.89124939
205.0	3934.0	1687.40483105	1530.73459304
219.0	4208.0	1394.55529912	1262.5122094
234.0	4500.0	1126.20766401	1033.72835648
