80.0	375.0	577407.81835	566630.406521
86.0	401.0	517456.166034	515108.264688
92.0	429.0	224016.942888	222931.931406
98.0	459.0	37046.9676653	38691.810765
105.0	491.0	18521.3796114	18688.2842115
112.0	525.0	12242.0716255	12208.7077864
120.0	561.0	8930.13712953	8908.28150835
128.0	600.0	6629.59274134	6380.16312975
137.0	642.0	5113.56354021	5079.68649548
146.0	686.0	4127.16578837	3820.50692846
157.0	734.0	3219.09436329	3039.18611123
167.0	785.0	2512.95182523	2345.89563967
179.0	839.0	1982.96120074	1822.12739914
192.0	898.0	1606.19778067	1408.70533257
205.0	960.0	1302.21706518	1180.4419873
219.0	1027.0	1027.55911738	889.248384794
234.0	1098.0	847.132893086	752.994439234
251.0	1174.0	647.786910974	553.490252973
268.0	1256.0	544.218172756	440.317157377
287.0	1343.0	443.211710492	406.492456273
307.0	1437.0	367.014423981	306.055507227
328.0	1536.0	302.464616005	259.606338856
351.0	1643.0	242.742390152	226.726299883
375.0	1757.0	204.430590488	174.383739962
401.0	1879.0	156.823186677	121.141471927
429.0	2010.0	130.132001467	104.059789029
459.0	2150.0	105.59023734	85.2968003732
491.0	2299.0	85.0081062915	58.8685195015
525.0	2459.0	69.5587476507	53.5806710334
561.0	2629.0	54.3040879851	45.7468908603
600.0	2812.0	45.1385183001	34.4660707501
642.0	3007.0	36.4949075077	27.6149782545
686.0	3216.0	30.3174540858	17.9904991129
734.0	3440.0	24.981942565	17.0064615079
785.0	3679.0	21.201395375	16.7872280128
839.0	3934.0	17.9484282459	13.5747243924
898.0	4208.0	15.2608807381	10.3577541508
960.0	4500.0	12.9863702878	12.0805335242
