80.0	112.0	599305.176088	615126.808798
86.0	120.0	563471.468459	553294.365856
92.0	128.0	244483.080732	249605.599717
98.0	137.0	36608.7986221	37778.4567315
105.0	146.0	16456.1693637	17290.7208501
112.0	157.0	10500.3783619	10368.5728494
120.0	167.0	7264.24813127	7340.32474857
128.0	179.0	5373.39069557	5255.95427265
137.0	192.0	4099.69419018	4047.54418617
146.0	205.0	3154.05624212	3103.02427292
157.0	219.0	2350.03452856	2341.11607637
167.0	234.0	1893.20907496	1740.87862005
179.0	251.0	1511.67710507	1382.88623065
192.0	268.0	1198.70081029	1120.6463732
205.0	287.0	951.01491108	878.342911721
219.0	307.0	759.12976991	694.809319999
234.0	328.0	605.753679131	557.447595962
251.0	351.0	488.892430628	420.562697333
268.0	375.0	394.502291437	328.453241432
287.0	401.0	321.669247761	319.309817201
307.0	429.0	244.737430762	215.963272572
328.0	459.0	199.556913122	174.331054832
351.0	491.0	160.685783211	164.393974181
375.0	525.0	127.165757873	113.550152414
401.0	561.0	101.544630596	73.7266089788
429.0	600.0	85.5772992428	73.2049806984
459.0	642.0	69.7291482253	60.3684864006
491.0	686.0	57.8146939198	44.0359219244
525.0	734.0	48.8493238424	43.6810232763
561.0	785.0	41.0543918007	33.4965537312
600.0	839.0	34.0897821992	27.3240365706
642.0	898.0	29.0357562007	23.377390484
686.0	960.0	23.6825241366	13.331010801
734.0	1027.0	20.3491474024	13.2398746251
785.0	1098.0	17.6660059518	14.3432459686
839.0	1174.0	15.0536340772	10.413324088
898.0	1256.0	12.3296089748	7.6633890942
960.0	1343.0	10.7991294899	9.31914739972
1027.0	1437.0	9.36977965327	7.09408256764
1098.0	1536.0	8.0972384968	6.58323674319
1174.0	1643.0	6.87969576923	5.68096796992
1256.0	1757.0	6.29523375647	6.07765917461
1343.0	1879.0	5.43022825659	5.76003973192
1437.0	2010.0	4.71665770518	5.04032534715
1536.0	2150.0	3.90299734581	4.0904821595
1643.0	2299.0	3.94992393395	4.60479339615
1757.0	2459.0	2.97217482954	4.71228037164
1879.0	2629.0	2.9268975562	2.91045257159
2010.0	2812.0	2.93316137322	2.907920881
2150.0	3007.0	2.91316123272	2.91199113674
2299.0	3216.0	2.9238975119	2.90133870825
2459.0	3440.0	2.95255993052	2.96570093041
2629.0	3679.0	2.94742017304	2.96516489284
2812.0	3934.0	2.9402934615	2.93955478639
3007.0	4208.0	2.95161461069	2.96528189065
3216.0	4500.0	2.94332297342	2.94668345382
