80.0	839.0	530726.25174	524170.511409
86.0	898.0	482797.692444	471606.197861
92.0	960.0	208297.940863	212215.929275
98.0	1027.0	34429.6382371	35841.4653136
105.0	1098.0	17614.9122986	18074.4085483
112.0	1174.0	11745.7473478	11123.8405836
120.0	1256.0	8222.6880348	8051.36841116
128.0	1343.0	6419.8432775	6070.50696467
137.0	1437.0	4852.85711942	4692.26019657
146.0	1536.0	3901.53408227	3694.6303661
157.0	1643.0	3208.08567761	2911.20077095
167.0	1757.0	2491.68499854	2261.48581061
179.0	1879.0	1989.74359419	1877.00908023
192.0	2010.0	1722.81593589	1493.31022749
205.0	2150.0	1415.15630975	1280.13114833
219.0	2299.0	1210.66913989	1047.59722636
234.0	2459.0	980.570903139	935.458730105
251.0	2629.0	798.073265834	718.691910044
268.0	2812.0	650.454852423	605.577423925
287.0	3007.0	528.207382633	499.997021142
307.0	3216.0	428.764857813	381.253887125
328.0	3440.0	358.913445714	311.247905641
351.0	3679.0	290.708386712	267.430439304
375.0	3934.0	225.7934441	196.500728444
401.0	4208.0	185.390268005	146.80504105
429.0	4500.0	154.09405454	136.094666096
