80.0	1174.0	493469.075485	509012.960024
86.0	1256.0	459363.735699	466917.987993
92.0	1343.0	203670.898812	203289.271573
98.0	1437.0	33707.7342808	35561.9088043
105.0	1536.0	17487.4533753	17363.0923525
112.0	1643.0	11240.550341	11085.1107191
120.0	1757.0	8262.76134469	7834.09867458
128.0	1879.0	6497.25591416	6255.07443899
137.0	2010.0	4893.95409738	4730.70057794
146.0	2150.0	3910.51263422	3818.4195796
157.0	2299.0	3348.54581777	3195.59257839
167.0	2459.0	2754.39251488	2524.42213517
179.0	2629.0	2338.39831325	2143.69284374
192.0	2812.0	1957.58573372	1726.98107597
205.0	3007.0	1612.84644615	1522.68577496
219.0	3216.0	1276.77581375	1163.60703976
234.0	3440.0	1035.75910828	962.021593447
251.0	3679.0	867.156341607	780.228346629
268.0	3934.0	712.373022349	625.416314227
287.0	4208.0	606.753406667	543.38417807
307.0	4500.0	477.153123499	409.066922373
