80.0	1256.0	493029.525093	507527.135774
86.0	1343.0	461034.564883	469594.595784
92.0	1437.0	205794.308707	199901.630702
98.0	1536.0	33930.9082441	34584.0832002
105.0	1643.0	17164.5187555	17387.5463901
112.0	1757.0	11429.3100108	11415.7464497
120.0	1879.0	8160.80741684	8077.48617469
128.0	2010.0	6394.94638328	6154.49926653
137.0	2150.0	4962.23270067	4669.83344855
146.0	2299.0	3988.89788157	3990.52102028
157.0	2459.0	3386.67883762	3227.48617809
167.0	2629.0	2809.02244592	2532.49504879
179.0	2812.0	2309.65791599	2176.02904543
192.0	3007.0	1980.27646374	1747.87455812
205.0	3216.0	1653.23314077	1476.90871913
219.0	3440.0	1287.61448675	1162.6349745
234.0	3679.0	1056.61225131	981.029766046
251.0	3934.0	877.032386126	781.03324771
268.0	4208.0	687.945554395	632.860114491
287.0	4500.0	596.478500138	542.379490671
