80.0	401.0	556870.753142	569038.312427
86.0	429.0	503099.4345	507884.403248
92.0	459.0	221924.820756	223156.130914
98.0	491.0	37083.6838264	38483.2736164
105.0	525.0	19077.0365712	18890.6671399
112.0	561.0	12208.4630209	12024.9834844
120.0	600.0	8757.68315584	8295.61134228
128.0	642.0	6725.71682568	6350.58512914
137.0	686.0	5072.97979463	4923.25503015
146.0	734.0	3998.41955447	3812.00570149
157.0	785.0	3208.28761438	3008.52033305
167.0	839.0	2484.54042387	2316.98804787
179.0	898.0	2036.84869203	1801.49256741
192.0	960.0	1606.26183866	1390.10732661
205.0	1027.0	1269.29632719	1152.18594823
219.0	1098.0	1045.62011025	966.8664693
234.0	1174.0	819.248012449	747.583509735
251.0	1256.0	658.28862823	579.487599432
268.0	1343.0	550.578707557	472.355296199
287.0	1437.0	463.843859	433.805629749
307.0	1536.0	376.172758319	326.529835963
328.0	1643.0	314.88047754	270.01286332
351.0	1757.0	256.227469024	230.513553584
375.0	1879.0	203.21911601	176.702944376
401.0	2010.0	156.723562254	120.871410396
429.0	2150.0	133.27262889	110.973423921
459.0	2299.0	106.912803178	87.8661707967
491.0	2459.0	84.7556921914	61.9412427619
525.0	2629.0	70.2165828386	56.1641669708
561.0	2812.0	56.9082126647	46.2623360247
600.0	3007.0	45.6595243925	37.732136071
642.0	3216.0	36.9440532041	27.3157384992
686.0	3440.0	30.7495119474	19.2104465856
734.0	3679.0	25.6266346112	17.1797603694
785.0	3934.0	22.6264862693	17.4018427402
839.0	4208.0	18.2830614934	13.3724758266
898.0	4500.0	15.429510138	10.9259363659
