80.0	491.0	550097.312859	542619.201562
86.0	525.0	503721.736819	499211.755985
92.0	561.0	220766.088249	217875.312374
98.0	600.0	37262.8964779	39221.2362151
105.0	642.0	18442.1393568	18160.4131342
112.0	686.0	12073.5801454	11846.6183443
120.0	734.0	8648.51099802	8515.9277168
128.0	785.0	6534.7874641	6407.99670328
137.0	839.0	5151.47940861	4826.34315607
146.0	898.0	3867.52650457	3877.78916951
157.0	960.0	3149.41613568	2877.18107097
167.0	1027.0	2482.3704883	2333.80370778
179.0	1098.0	1980.51403286	1766.47367022
192.0	1174.0	1593.10599897	1394.16530612
205.0	1256.0	1285.16365802	1149.47158063
219.0	1343.0	1013.33783363	896.612641923
234.0	1437.0	836.488703652	759.126597066
251.0	1536.0	707.666148665	602.18954014
268.0	1643.0	578.029393339	494.679603876
287.0	1757.0	480.099644943	435.685366795
307.0	1879.0	383.337130458	334.949574552
328.0	2010.0	330.529663048	281.236891888
351.0	2150.0	258.526036173	232.050487398
375.0	2299.0	202.313781029	175.789034828
401.0	2459.0	162.593803932	127.748262441
429.0	2629.0	133.059624559	109.475835092
459.0	2812.0	107.127057734	91.2115194226
491.0	3007.0	87.8219348684	62.5622630261
525.0	3216.0	72.5026829972	57.6751918789
561.0	3440.0	60.2378218778	49.6030335671
600.0	3679.0	47.2478502396	36.0383707924
642.0	3934.0	38.8571830358	29.0876155932
686.0	4208.0	31.7342759543	19.9957448733
734.0	4500.0	25.9908286838	17.8059389781
