80.0	157.0	627775.705159	605527.38105
86.0	167.0	562740.721521	551850.722621
92.0	179.0	248423.569052	251706.102009
98.0	192.0	41056.9972603	41540.8897385
105.0	205.0	19413.6091377	19706.948887
112.0	219.0	12652.8127178	12675.217831
120.0	234.0	8985.14287358	8808.4957857
128.0	251.0	6440.43193427	6272.83559963
137.0	268.0	4893.32531486	4977.36996505
146.0	287.0	3922.15244072	3738.61563477
157.0	307.0	3086.69886978	2991.18302602
167.0	328.0	2412.89087129	2301.77401454
179.0	351.0	1976.76613624	1782.97654887
192.0	375.0	1520.69521331	1325.07197669
205.0	401.0	1235.49618163	1139.76893743
219.0	429.0	981.687527918	856.399058738
234.0	459.0	766.442356005	717.616355947
251.0	491.0	611.971904194	539.427109373
268.0	525.0	488.829312253	406.95563439
287.0	561.0	400.254518923	368.904001514
307.0	600.0	308.801129206	258.923012739
328.0	642.0	249.386524116	213.452238192
351.0	686.0	202.668202718	187.165214158
375.0	734.0	159.501907778	139.856421129
401.0	785.0	126.015324596	91.7545721843
429.0	839.0	107.942725918	86.9093918733
459.0	898.0	87.6544737146	72.1925075502
491.0	960.0	70.5625247191	49.6913028336
525.0	1027.0	59.403774562	47.9412060375
561.0	1098.0	49.7948079587	39.73936391
600.0	1174.0	40.015923437	29.8998854966
642.0	1256.0	32.973009029	23.0255523628
686.0	1343.0	27.9121832786	15.7428958838
734.0	1437.0	22.476135668	14.06700374
785.0	1536.0	19.7766822011	14.862638725
839.0	1643.0	16.2348842093	11.0279933898
898.0	1757.0	13.8132678966	8.86066332463
960.0	1879.0	12.1880869845	10.9741730934
1027.0	2010.0	10.2188144463	8.15029927554
1098.0	2150.0	8.74957339015	7.59768743879
1174.0	2299.0	7.54947163273	6.69676402522
1256.0	2459.0	6.76778631833	7.03363332667
1343.0	2629.0	5.95292659806	5.52205046825
1437.0	2812.0	5.17184366464	5.12603189832
1536.0	3007.0	4.35620473448	4.31191749202
1643.0	3216.0	3.88986165758	4.52934167686
1757.0	3440.0	3.62210102218	4.80040926156
1879.0	3679.0	2.91631272198	2.95420624109
2010.0	3934.0	2.91022155065	2.94932380074
2150.0	4208.0	2.93255291761	2.92631872815
2299.0	4500.0	2.92715537007	2.9466259195
