80.0	128.0	606681.659648	611218.057818
86.0	137.0	568570.831886	567415.94751
92.0	146.0	246408.39758	251733.240407
98.0	157.0	38870.521979	40574.4789389
105.0	167.0	18366.316359	18479.2030251
112.0	179.0	11789.454281	11730.0427907
120.0	192.0	8256.97173922	8168.11524289
128.0	205.0	6082.94097866	5814.76254855
137.0	219.0	4625.26231897	4590.152268
146.0	234.0	3563.28970332	3522.55885452
157.0	251.0	2733.98516073	2629.52480732
167.0	268.0	2206.32615665	2088.33062407
179.0	287.0	1761.5313108	1614.23914517
192.0	307.0	1389.0702216	1248.11459142
205.0	328.0	1124.75660273	1022.86793667
219.0	351.0	865.530179928	759.472596269
234.0	375.0	686.765273359	645.365089501
251.0	401.0	553.839539413	513.437690145
268.0	429.0	451.403819364	388.617716494
287.0	459.0	362.334869439	338.388911909
307.0	491.0	273.957383185	248.416876155
328.0	525.0	232.318627211	208.252132194
351.0	561.0	176.688801219	167.989095739
375.0	600.0	141.333552766	129.323942558
401.0	642.0	113.222018802	87.5375574734
429.0	686.0	95.9532857891	84.9471100645
459.0	734.0	79.0068778897	69.1634905672
491.0	785.0	64.8756610865	43.8855551146
525.0	839.0	53.285095062	44.8970938905
561.0	898.0	46.1310260415	40.8422127274
600.0	960.0	37.2932991508	27.4160496128
642.0	1027.0	31.1740352467	23.3179019047
686.0	1098.0	25.2890386903	15.0348403336
734.0	1174.0	22.0959527116	13.4429262921
785.0	1256.0	18.1464343683	13.596711397
839.0	1343.0	16.210589717	10.8619473484
898.0	1437.0	13.2527776147	8.64290027472
960.0	1536.0	11.7334898761	10.1066682963
1027.0	1643.0	9.92868794168	6.8735110108
1098.0	1757.0	8.36785186889	6.14181731107
1174.0	1879.0	7.27150637222	6.86439668196
1256.0	2010.0	6.40907501132	7.32493919311
1343.0	2150.0	5.68678072123	5.3172045748
1437.0	2299.0	4.7624720508	5.06815183102
1536.0	2459.0	4.15146547323	4.21840196456
1643.0	2629.0	3.90575710527	4.61356388791
1757.0	2812.0	3.07308233754	4.84936022195
1879.0	3007.0	2.93575710416	2.95000657838
2010.0	3216.0	2.91316629032	2.92850862628
2150.0	3440.0	2.91722472458	2.93078434884
2299.0	3679.0	2.92813988169	2.94286597446
2459.0	3934.0	2.95480188337	2.94630918121
2629.0	4208.0	2.95423926925	2.92775091642
2812.0	4500.0	2.92022104521	2.89147469771
