80.0	98.0	560952.482718	573135.390713
86.0	105.0	537642.481061	549402.138706
92.0	112.0	239725.775846	239053.321699
98.0	120.0	32314.0851251	33362.4686327
105.0	128.0	13747.8871361	13769.0661737
112.0	137.0	8238.23445854	8073.24066957
120.0	146.0	5520.5037199	5503.98470772
128.0	157.0	4036.58235756	3961.7779093
137.0	167.0	3020.79454338	3106.07963185
146.0	179.0	2359.49150459	2354.83987207
157.0	192.0	1823.63304556	1790.89061834
167.0	205.0	1416.11730965	1365.52344953
179.0	219.0	1126.66088261	1088.56151476
192.0	234.0	877.525540372	758.321881964
205.0	251.0	720.261778199	681.785804815
219.0	268.0	564.304770123	532.160430897
234.0	287.0	445.941468126	406.337369895
251.0	307.0	363.011594851	316.893149607
268.0	328.0	294.913701754	250.76255929
287.0	351.0	234.213942425	215.125268657
307.0	375.0	192.045632613	158.338034924
328.0	401.0	157.556787986	156.791517144
351.0	429.0	121.360281021	123.358525158
375.0	459.0	102.41549445	91.6037278685
401.0	491.0	81.1261002241	65.4618187353
429.0	525.0	65.8937824645	57.251769446
459.0	561.0	55.2273827656	46.3982070792
491.0	600.0	46.0461472005	33.4607969746
525.0	642.0	39.8661368813	34.3084996643
561.0	686.0	34.9004373486	36.4260810659
600.0	734.0	28.0670041775	26.4519348487
642.0	785.0	23.9441867157	18.1180778671
686.0	839.0	20.1850000875	12.3700667026
734.0	898.0	17.3965790628	12.3962883653
785.0	960.0	15.5243994638	12.3086393333
839.0	1027.0	13.2575810703	10.099844163
898.0	1098.0	11.5193579713	7.54825729684
960.0	1174.0	9.85922746179	9.0960381412
1027.0	1256.0	8.38986589637	5.49861372005
1098.0	1343.0	7.3667476174	6.01446798062
1174.0	1437.0	6.77111594339	5.33872048505
1256.0	1536.0	5.76424962894	6.26553086261
1343.0	1643.0	5.09047284923	4.17648013396
1437.0	1757.0	4.35327091555	3.4781376205
1536.0	1879.0	3.86420965938	4.48425412096
1643.0	2010.0	3.50442511641	4.78026034113
1757.0	2150.0	2.94367521975	4.99533681216
1879.0	2299.0	2.91595370255	2.92408299074
2010.0	2459.0	2.94854628076	2.94878948693
2150.0	2629.0	2.94022142429	2.94135020939
2299.0	2812.0	2.92080369025	2.96851179405
2459.0	3007.0	2.96431958685	2.89254906192
2629.0	3216.0	2.93089205227	2.94963023489
2812.0	3440.0	2.93755758543	2.92216621823
3007.0	3679.0	2.93554424802	2.94384143088
3216.0	3934.0	2.95543072839	2.94670712856
3440.0	4208.0	2.96743443229	2.91539877129
3679.0	4500.0	2.94646662232	2.93823220162
