80.0	167.0	597877.169308	617790.942483
86.0	179.0	551488.47929	567949.954751
92.0	192.0	243117.57583	252436.062289
98.0	205.0	40810.3872957	42438.8993524
105.0	219.0	19617.7585035	20197.5143183
112.0	234.0	12404.7143254	12365.1383673
120.0	251.0	8959.78282552	9024.70830433
128.0	268.0	6462.07535898	6509.67696622
137.0	287.0	5149.51324152	5053.56299073
146.0	307.0	4004.72873452	3900.64238159
157.0	328.0	3168.44930928	2999.21346175
167.0	351.0	2429.23201888	2411.86100259
179.0	375.0	1996.15930545	1848.75614812
192.0	401.0	1562.36299418	1378.55303037
205.0	429.0	1285.10371808	1131.96578416
219.0	459.0	963.021737123	883.765407564
234.0	491.0	810.065563699	720.708776937
251.0	525.0	624.835404727	540.282817517
268.0	561.0	496.881972467	412.738428322
287.0	600.0	414.420916852	378.417348251
307.0	642.0	305.531964286	264.739733297
328.0	686.0	253.864802137	220.914257491
351.0	734.0	205.863293233	193.410577722
375.0	785.0	162.696834799	133.678259691
401.0	839.0	131.310999515	94.9821564388
429.0	898.0	108.769196678	88.4189086122
459.0	960.0	89.2089181309	71.8733103013
491.0	1027.0	71.5646877642	51.0747349821
525.0	1098.0	61.5284253234	46.7741443955
561.0	1174.0	51.5328236745	39.3343372246
600.0	1256.0	40.825240948	28.9589866547
642.0	1343.0	33.5239212352	23.7927191615
686.0	1437.0	28.3582434232	16.1302283163
734.0	1536.0	23.1503444049	14.2225955454
785.0	1643.0	19.2836935711	14.8881082421
839.0	1757.0	16.5357691407	10.88595495
898.0	1879.0	14.1786512497	9.5332007804
960.0	2010.0	11.8133727142	11.0283935566
1027.0	2150.0	9.98317742731	8.1134136575
1098.0	2299.0	8.82880761652	7.35684319477
1174.0	2459.0	7.54256743667	6.61746906541
1256.0	2629.0	6.42528321355	7.18350591239
1343.0	2812.0	5.7552028506	5.25531637166
1437.0	3007.0	5.16098739621	5.13184631639
1536.0	3216.0	4.31977810155	4.31126266824
1643.0	3440.0	4.03159052626	4.59544663885
1757.0	3679.0	3.48297366957	4.83688749424
1879.0	3934.0	2.92070874493	2.97399141271
2010.0	4208.0	2.92674235547	2.9322111415
2150.0	4500.0	2.90124291118	2.93202681646
