80.0	459.0	548704.557138	554090.380498
86.0	491.0	486441.871982	500224.934699
92.0	525.0	225666.047319	222105.41473
98.0	561.0	36844.3284449	37695.2490593
105.0	600.0	18701.9153469	18906.5406143
112.0	642.0	12105.6425771	11522.2965426
120.0	686.0	8813.42076471	8674.9338985
128.0	734.0	6362.15203728	6363.47405314
137.0	785.0	5087.74138886	4960.12767256
146.0	839.0	4035.84280121	3821.4913228
157.0	898.0	3086.69590333	2936.14942773
167.0	960.0	2550.80976805	2339.73990023
179.0	1027.0	1940.76869542	1843.71566293
192.0	1098.0	1618.99802841	1372.65940796
205.0	1174.0	1304.75532776	1196.39324712
219.0	1256.0	1022.12664312	906.568625828
234.0	1343.0	835.673848351	752.83390397
251.0	1437.0	684.363943974	597.732755923
268.0	1536.0	573.156385439	505.303400295
287.0	1643.0	491.29477916	431.93813326
307.0	1757.0	391.385575206	330.706269438
328.0	1879.0	323.114065106	281.06973851
351.0	2010.0	256.983513508	232.027483921
375.0	2150.0	207.343966671	178.15822405
401.0	2299.0	161.306482277	127.495409467
429.0	2459.0	135.196711796	110.619144259
459.0	2629.0	110.154212338	92.5251463189
491.0	2812.0	84.4977770005	62.4434309431
525.0	3007.0	70.7693182717	56.9863900723
561.0	3216.0	58.9052574725	48.491938213
600.0	3440.0	47.8943058584	36.1830952786
642.0	3679.0	38.2831424794	28.9642922723
686.0	3934.0	32.1436772757	20.3235492491
734.0	4208.0	26.579614552	17.9703115391
785.0	4500.0	22.6344160225	18.3494966673
