80.0	2010.0	482622.904189	504531.468964
86.0	2150.0	437635.663283	450986.169874
92.0	2299.0	201576.008561	198914.793948
98.0	2459.0	33645.4685596	35563.5744078
105.0	2629.0	17210.6693087	17626.4058099
112.0	2812.0	11734.3418111	11331.86198
120.0	3007.0	8797.60880953	8787.99384314
128.0	3216.0	7093.15800689	6812.65384269
137.0	3440.0	5702.45243637	5503.33343803
146.0	3679.0	4814.02380192	4504.69604603
157.0	3934.0	3898.01591044	3654.73477641
167.0	4208.0	3124.76348213	3079.09793602
179.0	4500.0	2552.76986955	2440.74129281
