80.0	525.0	536450.288533	540642.757916
86.0	561.0	493098.674535	497442.195721
92.0	600.0	216357.687664	219209.068038
98.0	642.0	37084.7870859	37805.3017396
105.0	686.0	18134.5259026	17863.1106786
112.0	734.0	11970.3340558	11767.2356042
120.0	785.0	8587.09109103	8329.19789216
128.0	839.0	6620.54163598	6432.80576477
137.0	898.0	5023.49327073	4891.68322688
146.0	960.0	3869.88137773	3747.59284964
157.0	1027.0	3136.06651253	2877.27969128
167.0	1098.0	2493.38689107	2241.95984926
179.0	1174.0	1961.15529557	1810.40508481
192.0	1256.0	1569.59889168	1407.7683774
205.0	1343.0	1259.01395535	1147.32219157
219.0	1437.0	1042.33050989	906.568456152
234.0	1536.0	881.637218329	791.704215117
251.0	1643.0	729.596692477	629.706284448
268.0	1757.0	597.711338637	522.777567145
287.0	1879.0	489.718712851	471.973112668
307.0	2010.0	415.108849842	348.890285354
328.0	2150.0	335.671895042	287.689504726
351.0	2299.0	260.077905299	239.820125012
375.0	2459.0	209.556156585	184.747825431
401.0	2629.0	168.107453168	130.21145146
429.0	2812.0	137.222676359	114.667925286
459.0	3007.0	108.709939847	90.8911135267
491.0	3216.0	87.3672519857	66.5440567204
525.0	3440.0	74.0704011032	60.3314280739
561.0	3679.0	59.5312076439	48.7969256165
600.0	3934.0	49.3416398644	38.1246380904
642.0	4208.0	41.2052992617	30.8848845667
686.0	4500.0	32.8367996897	21.3900036534
