80.0	642.0	539990.360307	542709.595526
86.0	686.0	495784.173872	498604.969087
92.0	734.0	212932.22931	213073.044726
98.0	785.0	36044.8013776	37339.8635884
105.0	839.0	17880.3158361	17909.5107576
112.0	898.0	12102.6032948	11271.5619786
120.0	960.0	8651.30940057	8476.8199555
128.0	1027.0	6454.02033242	6040.5822512
137.0	1098.0	4955.56053927	4679.65078662
146.0	1174.0	4008.53176109	3831.27975299
157.0	1256.0	3020.17677643	2881.94388203
167.0	1343.0	2455.25103128	2187.82926979
179.0	1437.0	1978.29440624	1872.52431016
192.0	1536.0	1608.27880239	1383.14465409
205.0	1643.0	1306.76526819	1164.07155264
219.0	1757.0	1073.81855171	975.476388258
234.0	1879.0	920.531565804	851.120427225
251.0	2010.0	760.071342592	670.119924364
268.0	2150.0	617.688370034	534.211418562
287.0	2299.0	509.009027586	472.126340087
307.0	2459.0	422.390139798	355.09678753
328.0	2629.0	331.999045307	288.412719437
351.0	2812.0	281.738885375	248.528796206
375.0	3007.0	222.161310539	191.616582511
401.0	3216.0	172.749709134	136.538895538
429.0	3440.0	140.06989778	116.430001542
459.0	3679.0	116.785206639	97.6058663672
491.0	3934.0	94.8111658399	70.0390282045
525.0	4208.0	76.0981297531	61.661388712
561.0	4500.0	64.2065959024	51.6715873255
