80.0	351.0	562477.801586	573618.445558
86.0	375.0	512969.035388	521447.918146
92.0	401.0	224001.380267	220070.693487
98.0	429.0	36733.7710282	38424.9618413
105.0	459.0	18636.4413678	18916.1678364
112.0	491.0	12544.9473615	12589.5845263
120.0	525.0	8905.10786055	8776.11115644
128.0	561.0	6590.76046766	6288.09979365
137.0	600.0	5263.34327492	4948.77868893
146.0	642.0	3941.16583055	3845.15388595
157.0	686.0	3253.1871974	2982.61808492
167.0	734.0	2515.00509607	2358.78021861
179.0	785.0	1979.23733871	1766.97064327
192.0	839.0	1624.22457517	1414.63026518
205.0	898.0	1267.75889409	1162.11140924
219.0	960.0	1017.03413739	913.415296018
234.0	1027.0	827.627437086	752.400850787
251.0	1098.0	645.769677239	558.725240781
268.0	1174.0	537.171023331	443.430535692
287.0	1256.0	446.853877143	400.436492377
307.0	1343.0	368.564287834	315.562879484
328.0	1437.0	296.385697772	266.630065103
351.0	1536.0	240.727670985	227.340875023
375.0	1643.0	193.740777851	170.772802064
401.0	1757.0	158.437984118	118.149694052
429.0	1879.0	127.32233505	104.159719451
459.0	2010.0	106.625673343	85.6285334495
491.0	2150.0	82.0359019494	60.1973746202
525.0	2299.0	69.5233339583	53.6494655742
561.0	2459.0	54.2227002045	44.7836430057
600.0	2629.0	45.2184019515	34.3875484688
642.0	2812.0	37.3877911661	27.8135748606
686.0	3007.0	29.7709672172	18.0499769621
734.0	3216.0	25.098228403	16.2366717044
785.0	3440.0	21.5011426386	16.7185666032
839.0	3679.0	17.9655687737	13.7818185767
898.0	3934.0	15.0667076758	10.5582973669
960.0	4208.0	13.3074500146	11.3855040889
1027.0	4500.0	11.2262778698	8.85051367589
