80.0	234.0	609753.320173	617272.569436
86.0	251.0	544409.954809	556043.364193
92.0	268.0	243456.111793	244237.04197
98.0	287.0	39904.7754872	41233.2427843
105.0	307.0	19068.0039101	19864.3351878
112.0	328.0	12416.6474215	12418.5239973
120.0	351.0	9262.35121953	8616.06446876
128.0	375.0	6857.03178971	6445.59736746
137.0	401.0	5240.12325783	5325.60983336
146.0	429.0	4114.94652209	4016.21086488
157.0	459.0	3261.8238662	3056.87761214
167.0	491.0	2604.43441698	2359.52272787
179.0	525.0	2033.25984911	1863.79299338
192.0	561.0	1611.97101412	1417.1592556
205.0	600.0	1272.76282348	1168.84354514
219.0	642.0	1005.66116297	905.029780546
234.0	686.0	836.745698561	753.016112661
251.0	734.0	630.447119526	557.069800089
268.0	785.0	510.928050438	424.819855255
287.0	839.0	418.717624287	376.908017222
307.0	898.0	328.746901279	277.141143946
328.0	960.0	262.311865779	226.974795704
351.0	1027.0	224.602311184	203.525919697
375.0	1098.0	182.188452935	157.484011027
401.0	1174.0	144.396214121	109.058115594
429.0	1256.0	120.206885438	95.9034107767
459.0	1343.0	100.929869759	79.4346736864
491.0	1437.0	78.2036839771	56.9355898813
525.0	1536.0	63.5637219684	49.4685488401
561.0	1643.0	53.0832386043	41.3503761752
600.0	1757.0	42.1953435504	31.3831579108
642.0	1879.0	34.7618602706	25.689180281
686.0	2010.0	29.3431319331	17.2830685597
734.0	2150.0	23.9201522953	15.5221669282
785.0	2299.0	20.3413023658	15.8477476312
839.0	2459.0	16.8274858414	11.9821835089
898.0	2629.0	14.1257266864	9.55345533234
960.0	2812.0	12.2675936514	11.0487646615
1027.0	3007.0	10.2438419746	8.26871805984
1098.0	3216.0	8.91813224678	7.44887974706
1174.0	3440.0	7.72878939746	6.68483870361
1256.0	3679.0	7.12055976731	7.16507817496
1343.0	3934.0	5.9655011956	5.44564808048
1437.0	4208.0	5.16620424431	5.18470778199
1536.0	4500.0	4.49003659332	4.44274705752
