80.0	146.0	603009.68939	621410.809466
86.0	157.0	568514.085949	570348.620955
92.0	167.0	243461.275695	247365.389799
98.0	179.0	39243.3440402	41662.9389867
105.0	192.0	19958.8020875	19121.3167555
112.0	205.0	12154.5167771	12502.6296851
120.0	219.0	8729.02849837	8795.66874446
128.0	234.0	6565.68046537	6303.05266304
137.0	251.0	4881.98345013	4923.6195396
146.0	268.0	3848.14976848	3815.58768293
157.0	287.0	3004.42786935	2815.71265422
167.0	307.0	2333.19108642	2261.45914187
179.0	328.0	1909.62203286	1809.09534758
192.0	351.0	1496.66250755	1353.90823692
205.0	375.0	1184.25979405	1088.73354468
219.0	401.0	967.138629207	919.22275423
234.0	429.0	742.377757928	709.356932337
251.0	459.0	609.889371632	528.826496414
268.0	491.0	478.358876856	418.541375283
287.0	525.0	382.837181018	359.549842303
307.0	561.0	303.631833664	271.118421219
328.0	600.0	243.982561373	214.920172416
351.0	642.0	190.915756235	176.70226596
375.0	686.0	154.080712661	142.570049223
401.0	734.0	122.089652272	93.1713591529
429.0	785.0	102.89058619	83.0443649378
459.0	839.0	85.5951406961	69.5712092309
491.0	898.0	66.8177590225	48.8585711718
525.0	960.0	58.0967177682	43.8126547749
561.0	1027.0	47.6514202981	38.7050579542
600.0	1098.0	40.1016484361	29.7683523233
642.0	1174.0	33.0425556159	23.9480878198
686.0	1256.0	27.5389755383	15.1352441066
734.0	1343.0	22.5210172388	14.1038126573
785.0	1437.0	19.8120631419	14.5529420701
839.0	1536.0	16.1979831309	11.8356627415
898.0	1643.0	13.4699900007	8.68944734413
960.0	1757.0	11.7566465884	9.30068372594
1027.0	1879.0	9.88475090775	8.06081515672
1098.0	2010.0	8.6134708294	7.50814711235
1174.0	2150.0	7.43548947013	6.79852431934
1256.0	2299.0	6.4005193492	7.19408728592
1343.0	2459.0	5.66238081432	5.49995795992
1437.0	2629.0	4.88791122531	4.95352006509
1536.0	2812.0	4.26038918673	4.30124332898
1643.0	3007.0	3.87955612763	4.53940561231
1757.0	3216.0	3.11532629718	4.51748057267
1879.0	3440.0	2.90991416537	2.92677176547
2010.0	3679.0	2.91103259869	2.94765332322
2150.0	3934.0	2.92389162296	2.95190103629
2299.0	4208.0	2.89573321537	2.95906569457
2459.0	4500.0	2.93665326976	2.9596699161
