80.0	251.0	602328.67558	612706.244151
86.0	268.0	552081.955809	556855.166373
92.0	287.0	239527.757615	242608.264621
98.0	307.0	39689.8405811	41116.0655708
105.0	328.0	19146.6565591	19596.2052401
112.0	351.0	12644.6318839	12375.2826102
120.0	375.0	9002.10157229	8966.75266248
128.0	401.0	6812.70471224	6601.14705315
137.0	429.0	5245.80367977	5081.94471991
146.0	459.0	4150.89065579	4051.86741435
157.0	491.0	3258.65788516	3090.91525393
167.0	525.0	2594.32105958	2353.65674259
179.0	561.0	2018.02316733	1853.78028303
192.0	600.0	1635.96619688	1424.99994891
205.0	642.0	1268.75662554	1147.45893433
219.0	686.0	1014.09993502	888.991238344
234.0	734.0	841.083421249	756.392735091
251.0	785.0	639.470004602	551.653718395
268.0	839.0	511.507065797	429.819961207
287.0	898.0	425.371676634	378.272739015
307.0	960.0	327.303104335	272.149650735
328.0	1027.0	268.511314348	227.391221789
351.0	1098.0	219.170949637	195.508975833
375.0	1174.0	181.32774114	152.756865659
401.0	1256.0	144.777415726	108.001521225
429.0	1343.0	117.022742339	97.4546870204
459.0	1437.0	98.546301186	79.4458901532
491.0	1536.0	78.4120176344	55.0417713386
525.0	1643.0	62.9016841894	49.1948881486
561.0	1757.0	54.0366485071	41.2767429371
600.0	1879.0	42.2904259728	32.0155701279
642.0	2010.0	35.1623149472	25.466448693
686.0	2150.0	28.3791906692	16.8309695674
734.0	2299.0	23.825283674	15.1784402624
785.0	2459.0	20.5112112311	16.3408889256
839.0	2629.0	16.9403738247	12.0466543395
898.0	2812.0	14.491142776	9.3938136775
960.0	3007.0	12.2493075493	10.5816840505
1027.0	3216.0	10.4547273557	8.03904281546
1098.0	3440.0	8.86038176269	7.61430628423
1174.0	3679.0	7.81645538371	6.92746179762
1256.0	3934.0	6.65533029275	7.28008525042
1343.0	4208.0	5.80747858229	5.76689815251
1437.0	4500.0	5.20695043931	5.01071115954
