80.0	1027.0	516695.576292	517893.887117
86.0	1098.0	458444.886974	462086.346933
92.0	1174.0	209162.161958	210615.245839
98.0	1256.0	34439.239225	35967.4852815
105.0	1343.0	17074.3482912	17237.1444437
112.0	1437.0	11506.3164535	11591.9798386
120.0	1536.0	8342.68342845	8126.52289906
128.0	1643.0	6233.14201288	6084.37045082
137.0	1757.0	4996.32689208	4928.4438249
146.0	1879.0	3926.84005255	3739.09851091
157.0	2010.0	3110.69688632	2945.94644499
167.0	2150.0	2620.96656696	2476.05824034
179.0	2299.0	2228.73455335	2069.28387939
192.0	2459.0	1877.424404	1646.8896102
205.0	2629.0	1573.1211737	1399.74798676
219.0	2812.0	1291.06082648	1178.60994417
234.0	3007.0	1036.52564704	947.550080048
251.0	3216.0	824.906327706	772.440507827
268.0	3440.0	692.980913194	640.00387853
287.0	3679.0	562.2635748	521.018530891
307.0	3934.0	454.596846465	406.967241962
328.0	4208.0	364.209669543	336.421443787
351.0	4500.0	303.636821992	281.388203289
