80.0	287.0	585137.975279	607107.954122
86.0	307.0	532485.660138	543811.023134
92.0	328.0	234730.37726	228990.088521
98.0	351.0	38811.7611183	40640.0550755
105.0	375.0	18927.9531575	19091.0547505
112.0	401.0	12323.692991	12579.2662237
120.0	429.0	9088.29422768	9024.33936357
128.0	459.0	6807.93333044	6602.71101181
137.0	491.0	5290.08419005	5271.16761489
146.0	525.0	3950.00245667	4020.179478
157.0	561.0	3249.61699509	3139.10546061
167.0	600.0	2550.89397346	2362.9430729
179.0	642.0	2020.98334656	1891.70010322
192.0	686.0	1592.87098072	1411.37814636
205.0	734.0	1238.94210544	1171.85534351
219.0	785.0	1028.60187167	895.948663921
234.0	839.0	810.738374972	742.499490818
251.0	898.0	648.36108606	563.707530316
268.0	960.0	534.208750365	445.777053583
287.0	1027.0	408.549137372	373.119194662
307.0	1098.0	334.571279968	276.521904577
328.0	1174.0	279.27144535	244.820982986
351.0	1256.0	228.671764268	201.85454022
375.0	1343.0	189.323581966	163.459314361
401.0	1437.0	151.059453969	112.920820224
429.0	1536.0	125.932097637	105.109437604
459.0	1643.0	101.588655609	85.1027282411
491.0	1757.0	81.0033182522	54.8760007285
525.0	1879.0	67.1722541277	53.0737909961
561.0	2010.0	52.9703765258	42.8331979678
600.0	2150.0	44.8842396434	32.6569900866
642.0	2299.0	35.2110598115	26.5924465528
686.0	2459.0	28.9021051085	17.3559226511
734.0	2629.0	24.5711796754	15.5182697254
785.0	2812.0	20.8810694096	15.9263876475
839.0	3007.0	17.3145305111	13.00192076
898.0	3216.0	14.2907645385	10.3962036771
960.0	3440.0	12.6665925705	10.9297664657
1027.0	3679.0	10.7620252634	8.22106777621
1098.0	3934.0	8.94412923841	7.55257115403
1174.0	4208.0	7.90567562354	6.77884425206
1256.0	4500.0	6.92157509468	7.45639843585
