80.0	120.0	607313.971225	604439.202313
86.0	128.0	546159.099045	567850.401433
92.0	137.0	248371.667989	245277.30653
98.0	146.0	37720.454417	39515.493202
105.0	157.0	17570.2948917	17386.4591186
112.0	167.0	11234.3695455	11052.7238806
120.0	179.0	7792.64955599	7774.65579525
128.0	192.0	5546.25271756	5732.336653
137.0	205.0	4369.78915178	4184.18316185
146.0	219.0	3388.64003334	3306.42141746
157.0	234.0	2554.20507715	2446.45086806
167.0	251.0	2135.56670846	1937.49099854
179.0	268.0	1618.4654355	1547.81301575
192.0	287.0	1298.28424056	1126.42704002
205.0	307.0	1033.74022388	981.429398473
219.0	328.0	830.569844401	743.517841467
234.0	351.0	650.820313381	597.526643084
251.0	375.0	515.039923005	459.372405909
268.0	401.0	429.147027658	383.571252786
287.0	429.0	338.315745296	311.689171775
307.0	459.0	260.643503672	228.10355147
328.0	491.0	213.002639235	202.858279835
351.0	525.0	175.209024796	164.511652066
375.0	561.0	138.109619281	119.736700975
401.0	600.0	110.601815527	83.5858349492
429.0	642.0	89.4498709322	77.981054861
459.0	686.0	75.6325592056	69.5495590063
491.0	734.0	60.9274228215	48.4986358618
525.0	785.0	51.806963326	41.3387533992
561.0	839.0	43.1989585024	36.9354973621
600.0	898.0	36.4417092013	29.1622044398
642.0	960.0	30.2006975502	22.1641256326
686.0	1027.0	24.4949512729	15.0828455138
734.0	1098.0	20.9731076805	13.3407620596
785.0	1174.0	18.0971810484	13.9914562669
839.0	1256.0	15.6049424306	10.099941206
898.0	1343.0	12.9206173566	8.57814808314
960.0	1437.0	11.237396815	9.46581949728
1027.0	1536.0	9.7180015161	7.369845002
1098.0	1643.0	8.1530348295	6.45677557226
1174.0	1757.0	7.16999557587	5.72476870131
1256.0	1879.0	6.45453859497	7.43644347342
1343.0	2010.0	5.49392244097	5.43075764335
1437.0	2150.0	4.86191080989	4.9916349614
1536.0	2299.0	4.0374603882	4.16825518263
1643.0	2459.0	3.91096373752	4.64920113433
1757.0	2629.0	3.03871926262	4.83359706629
1879.0	2812.0	2.89773312534	2.9171465904
2010.0	3007.0	2.91728253799	2.92646873006
2150.0	3216.0	2.92716895813	2.88015560914
2299.0	3440.0	2.95147346915	2.9283708235
2459.0	3679.0	2.93961632977	2.94401384993
2629.0	3934.0	2.90055211584	2.93497265596
2812.0	4208.0	2.95766905212	2.9159308535
3007.0	4500.0	2.9132709949	2.93578661248
