80.0	137.0	609717.620496	628886.07954
86.0	146.0	556374.921566	572339.556486
92.0	157.0	243331.932358	253136.143129
98.0	167.0	39626.1148986	40379.1043964
105.0	179.0	19078.3256537	19279.2280984
112.0	192.0	12031.3163221	12085.5356587
120.0	205.0	8296.84617225	8270.09601219
128.0	219.0	6067.06966239	6167.01914665
137.0	234.0	4708.29469726	4671.74299889
146.0	251.0	3619.60620844	3588.32290317
157.0	268.0	2848.34707665	2830.02023641
167.0	287.0	2298.26083607	2147.98067568
179.0	307.0	1783.53233066	1734.36932395
192.0	328.0	1440.87664081	1304.54621234
205.0	351.0	1133.22784674	1036.83624284
219.0	375.0	924.237195553	817.647653241
234.0	401.0	731.487943212	679.390996246
251.0	429.0	573.432651382	512.178114252
268.0	459.0	464.57240212	402.566321995
287.0	491.0	369.091160666	353.454827854
307.0	525.0	293.886188789	252.616779271
328.0	561.0	235.820417547	211.796613689
351.0	600.0	188.379660011	176.747700403
375.0	642.0	152.25098137	133.494856066
401.0	686.0	119.389888497	93.5909219756
429.0	734.0	99.0729374227	83.1689371397
459.0	785.0	83.3895155208	67.2057346888
491.0	839.0	66.8084183683	48.7414042042
525.0	898.0	57.362043103	45.7962555464
561.0	960.0	47.5931554191	36.7850914099
600.0	1027.0	38.2470164252	29.9284618157
642.0	1098.0	31.8317433501	23.1243351614
686.0	1174.0	26.3855576758	15.454408376
734.0	1256.0	22.3641904769	13.4130166344
785.0	1343.0	18.86497458	15.3236864675
839.0	1437.0	15.8238815865	11.0553501388
898.0	1536.0	14.0372251631	8.88333933878
960.0	1643.0	11.5570231317	10.0905393488
1027.0	1757.0	10.043978057	6.74140922741
1098.0	1879.0	8.51690594317	7.51819292615
1174.0	2010.0	7.44773659106	6.75360971555
1256.0	2150.0	6.39831162026	7.34857567283
1343.0	2299.0	5.79251537829	5.60633008773
1437.0	2459.0	4.87776999539	5.06295778334
1536.0	2629.0	4.19939171058	4.27560288539
1643.0	2812.0	4.01695627155	4.62445972919
1757.0	3007.0	3.11598161168	4.78074203044
1879.0	3216.0	2.91762650565	2.94648901942
2010.0	3440.0	2.96421397306	2.95270464783
2150.0	3679.0	2.94404998654	2.94501075812
2299.0	3934.0	2.94266836622	2.92220066728
2459.0	4208.0	2.89819247818	2.95855582541
2629.0	4500.0	2.94207285902	2.94180685479
