80.0	268.0	595926.603081	601575.167438
86.0	287.0	522616.34008	539888.164714
92.0	307.0	233416.119363	230806.487654
98.0	328.0	38576.6886426	40185.3558861
105.0	351.0	18967.6523815	18984.3237352
112.0	375.0	12284.2499748	12164.6036117
120.0	401.0	9111.52225052	8936.88192805
128.0	429.0	6760.50066791	6591.68022591
137.0	459.0	5172.0411369	5180.99514604
146.0	491.0	4060.91699875	3885.74401789
157.0	525.0	3327.90111908	3130.66620654
167.0	561.0	2540.93046375	2346.44177851
179.0	600.0	2028.3592317	1833.43191157
192.0	642.0	1591.62887048	1390.89714857
205.0	686.0	1256.02338014	1128.38899281
219.0	734.0	1063.98407792	912.504856129
234.0	785.0	792.662778007	756.739455772
251.0	839.0	644.935888916	549.50460434
268.0	898.0	529.318984031	437.224174223
287.0	960.0	432.669228037	384.640851838
307.0	1027.0	337.143958764	277.487347807
328.0	1098.0	275.93174167	238.45160104
351.0	1174.0	230.177336053	203.24841741
375.0	1256.0	182.46238386	156.535571753
401.0	1343.0	150.617617059	112.257653367
429.0	1437.0	123.72302821	99.9933772384
459.0	1536.0	99.2756754576	81.9236119927
491.0	1643.0	79.1977200371	55.7469801693
525.0	1757.0	66.7123718041	50.7535832119
561.0	1879.0	52.8435192769	42.9494066092
600.0	2010.0	43.8604193832	32.6211688442
642.0	2150.0	35.13646563	26.2233249248
686.0	2299.0	28.6277541176	17.7167426589
734.0	2459.0	24.2448416174	15.6780189146
785.0	2629.0	21.1006046057	15.8671386254
839.0	2812.0	16.793252211	12.2303721675
898.0	3007.0	14.4610791064	9.82996566284
960.0	3216.0	12.6527493407	11.074556883
1027.0	3440.0	10.6743332074	8.20214954623
1098.0	3679.0	9.24403758699	7.42064973355
1174.0	3934.0	7.93724398771	6.94625359432
1256.0	4208.0	6.87591069634	7.37709037263
1343.0	4500.0	5.77983832157	5.47309585989
